0687
0321
0774
0011
0282
0680
0666
0720
0730
0798
0074
0430
0563
0918
0436
0265
0668
0795
0210
0468
0688
0850
0978
0449
0569
0119
0105
0315
0162
0214
0150
0024
0551
0986
0232
0867
0633
0735
0736
0371
0205
0419
0824
0562
0286
0010
0968
0901
0129
0943
0738
0415
0785
0242
0167
0166
0440
0637
0175
0869
0909
0376
0702
0412
0356
0163
0600
0950
0674
0218
0078
0826
0530
0060
0222
0667
0855
0775
0608
0605
0197
0538
0942
0196
0977
0023
0398
0839
0215
0921
0713
0940
0616
0579
0594
0020
0755
0040
0293
0868
0768
0375
0443
0926
0404
0362
0491
0715
0374
0937
0120
0481
0334
0653
0719
0189
0104
0586
0945
0041
0559
0777
0858
0699
0712
0183
0095
0704
0800
0890
0628
0057
0160
0870
0352
0779
0611
0097
0915
0489
0338
0695
0556
0133
0447
0490
0463
0972
0725
0194
0602
0486
0531
0288
0116
0932
0648
0441
0203
0154
0947
0985
0237
0860
0769
0477
0747
0647
0328
0592
0425
0192
0444
0840
0045
0929
0996
0329
0555
0261
0698
0287
0865
0275
0173
0254
0013
0661
0427
0607
0686
0619
0675
0081
0570
0462
0475
0503
0036
0470
0397
0953
0349
0006
0025
0739
0483
0070
0991
0145
0504
0548
0703
0130
0590
0062
0472
0681
0657
0108
0344
0065
0401
0238
0054
0763
0002
0340
0754
0642
0904
0035
0964
0946
0243
0604
0091
0801
0663
0180
0679
0164
0155
0177
0782
0902
0485
0246
0583
0966
0526
0465
0099
0971
0224
0380
0743
0096
0269
0851
0757
0567
0652
0209
0067
0831
0835
0783
0671
0939
0529
0970
0118
0251
0711
0693
0542
0684
0864
0313
0621
0893
0034
0435
0533
0954
0511
0710
0259
0347
0332
0625
0429
0082
0311
0249
0046
0364
0913
0746
0881
0121
0437
0701
0138
0382
0841
0186
0466
0762
0612
0139
0190
0618
0846
0428
0026
0885
0492
0110
0553
0301
0852
0260
0705
0838
0004
0386
0417
0897
0343
0223
0595
0965
0622
0522
0389
0064
0456
0461
0395
0101
0816
0310
0776
0508
0134
0610
0333
0818
0454
0422
0967
0136
0544
0201
0366
0626
0151
0603
0050
0135
0546
0513
0143
0015
0502
0257
0670
0221
0819
0750
0317
0029
0514
0451
0111
0723
0499
0148
0231
0467
0938
0734
0810
0914
0591
0424
0963
0973
0480
0709
0593
0574
0805
0780
0314
0141
0056
0525
0877
0536
0003
0030
0580
0212
0577
0761
0303
0368
0575
0038
0609
0643
0983
0707
0285
0268
0581
0115
0363
0856
0509
0726
0001
0920
0304
0414
0958
0834
0199
0620
0142
0005
0233
0898
0157
0527
0266
0360
0277
0823
0418
0169
0336
0748
0644
0406
0279
0028
0083
0198
0753
0478
0411
0501
0387
0195
0307
0295
0959
0587
0354
0859
0998
0571
0935
0039
0724
0359
0873
0033
0112
0220
0866
0941
0471
0505
0899
0170
0439
0247
0345
0923
0204
0781
0291
0370
0168
0335
0872
0925
0351
0149
0460
0208
0123
0250
0827
0664
0016
0691
0446
0974
0244
0803
0599
0153
0796
0836
0283
0697
0635
0931
0494
0423
0863
0944
0842
0342
0630
0766
0216
0009
0206
0077
0988
0085
0539
0381
0019
0055
0773
0355
0495
0018
0786
0372
0348
0094
0708
0263
0717
0706
0042
0930
0178
0084
0982
0229
0378
0984
0379
0076
0255
0845
0962
0109
0629
0673
0886
0696
0093
0692
0545
0907
0550
0894
0908
0543
0585
0248
0751
0213
0882
0916
0308
0694
0905
0649
0799
0294
0043
0521
0158
0337
0515
0534
0147
0659
0014
0431
0482
0506
0202
0883
0032
0357
0017
0951
0552
0772
0393
0582
0632
0234
0606
0346
0174
0063
0849
0176
0804
0445
0219
0936
0787
0276
0264
0564
0420
0152
0874
0520
0236
0847
0807
0740
0956
0995
0537
0510
0102
0811
0549
0031
0928
0239
0524
0658
0623
0749
0878
0298
0413
0421
0613
0528
0027
0306
0240
0987
0391
0051
0588
0809
0217
0517
0103
0341
0759
0790
0122
0316
0814
0128
0788
0131
0891
0791
0464
0488
0765
0396
0848
0100
0098
0049
0432
0377
0917
0073
0137
0289
0068
1000
0072
0518
0302
0410
0656
0821
0403
0434
0305
0558
0284
0714
0262
0442
0784
0887
0047
0512
0200
0469
0228
0760
0241
0253
0309
0350
0957
0828
0597
0144
0640
0906
0794
0547
0989
0949
0516
0058
0655
0161
0171
0789
0573
0299
0487
0258
0474
0535
0365
0459
0566
0312
0853
0252
0278
0578
0884
0127
0106
0689
0876
0324
0280
0438
0416
0969
0092
0912
0596
0473
0685
0700
0339
0331
0732
0833
0922
0453
0646
0140
0817
0601
0114
0961
0797
0113
0367
0557
0589
0981
0857
0012
0770
0300
0764
0862
0933
0496
0117
0292
0066
0320
0793
0507
0638
0126
0960
0540
0815
0273
0048
0614
0290
0390
0394
0948
0560
0181
0007
0044
0211
0498
0993
0627
0999
0997
0802
0651
0975
0022
0089
0745
0165
0008
0660
0500
0318
0323
0319
0523
0854
0075
0744
0990
0059
0493
0980
0871
0271
0146
0924
0087
0185
0230
0385
0919
0672
0832
0636
0322
0861
0727
0650
0407
0327
0021
0879
0272
0458
0184
0405
0384
0682
0235
0880
0179
0934
0079
0683
0718
0584
0617
0639
0829
0408
0722
0910
0326
0497
0676
0792
0086
0808
0896
0979
0325
0296
0450
0742
0716
0256
0188
0452
0561
0820
0565
0187
0889
0875
0532
0737
0392
0159
0976
0634
0373
0900
0572
0124
0479
0771
0767
0752
0182
0615
0361
0172
0388
0806
0399
0409
0227
0631
0843
0433
0554
0756
0484
0193
0125
0353
0728
0476
0052
0677
0729
0088
0645
0812
0402
0927
0568
0678
0844
0955
0576
0519
0813
0225
0274
0132
0662
0358
0330
0061
0071
0107
0624
0207
0992
0903
0669
0994
0267
0369
0825
0156
0457
0895
0778
0665
0383
0191
0690
0281
0830
0911
0822
0892
0245
0721
0226
0837
0270
0758
0641
0448
0069
0731
0654
0297
0952
0080
0741
0455
0400
0733
0598
0541
0888
0053
0090
0037
0426
