3621
4227
1538
3031
1712
0938
4301
5141
5536
6383
6510
6337
5676
1222
3796
0327
1789
6008
6324
3601
1484
5538
0434
3143
4874
6176
5419
1062
0337
4608
0227
3728
2562
6432
0985
5467
2100
5833
5395
2412
8212
3533
3203
3026
6399
7038
1941
5426
2247
0222
1404
8246
4192
3054
3660
0946
5921
3608
3453
6456
3538
8193
6183
5556
1393
5521
0099
6001
6529
6016
2250
0848
0117
5559
3862
1219
8202
4547
4886
8085
1619
4414
3150
1288
5829
3249
6330
2224
6636
0632
6416
3149
3465
1945
5215
6292
2355
3196
8139
4039
5096
1983
8077
3061
5995
1420
1122
3495
1024
6457
0507
5735
6698
0126
5959
3615
4438
2093
1650
3652
2326
1507
2976
1703
4905
2010
4344
3444
1826
6196
2523
2750
3750
4005
5851
6548
5956
5780
6512
5555
1168
6307
2202
2367
1795
3573
1457
2942
1396
5173
3013
4293
4219
0201
3558
6352
2826
2631
1996
6143
5648
4419
2029
1468
0933
5228
3429
0466
0417
4495
3612
1509
1247
4540
5420
0943
4601
5316
3478
4792
3896
2456
3919
3689
6152
1560
1173
1335
1400
4285
3422
4418
5985
6540
9025
3220
6165
3874
3786
8159
6218
5271
2447
6291
1646
6505
5371
6396
3487
2207
2854
4912
4856
3300
4578
1490
5159
4430
1368
2375
1480
5503
4409
4532
2866
8116
2133
1733
0076
3059
5976
0202
6081
1478
2055
0161
0543
1752
4215
0474
3809
0144
5088
2125
0473
8240
5090
2399
6403
4501
5179
5927
4577
6401
2454
1408
1931
6449
4392
9056
4640
3069
5699
4023
2441
1582
8018
6696
2651
8143
4582
3974
4899
5519
3817
5945
1421
6131
4029
4150
5115
3248
1525
6412
6070
3151
8093
1628
3155
3388
4789
4514
1111
4214
1113
6220
2088
1034
4534
2135
2461
2959
3597
8109
3651
5175
3829
4526
1805
5458
1556
1088
0345
6645
4890
5292
5126
3498
5257
0362
5124
0312
1346
1693
1575
1684
5763
6566
1956
0390
3973
5748
1565
0070
2963
0508
2007
1891
5910
4498
1120
5304
1838
8223
1720
4035
1782
4164
3545
0146
5398
0706
9004
5783
1277
0730
4103
0255
6040
6073
8037
5759
6155
1415
5020
5943
5005
4900
1623
5777
5016
8221
6264
3251
5781
4734
0910
5397
0407
0922
0274
2308
0042
5081
0455
3082
3280
3849
0044
2284
0784
4271
3314
1115
3326
5834
4882
3448
2596
9005
0707
5207
5177
5142
4759
1610
3736
3380
3222
6339
5887
6243
8055
4362
5688
5605
2000
8112
1188
4503
5244
1352
0778
5574
1558
4911
2472
2085
3525
4808
5031
6688
0413
0953
1897
3882
1180
4259
3128
1479
0994
6009
2432
0807
5857
4126
1832
5719
6389
2517
6274
3840
1086
2049
4774
2753
0030
1080
3239
3299
6223
0882
8034
6597
5589
3461
2480
2416
6120
3563
1382
5123
8248
0682
3427
3981
8145
2120
3797
3401
2563
3369
4801
1263
8110
6365
2191
1137
5764
3618
3357
8031
2106
0062
0205
1551
4810
2031
5253
3447
6089
0916
5970
3909
4296
2433
5502
3346
0282
3162
3360
6212
8030
0911
2698
4122
5495
0546
1040
6431
0555
1552
5768
4507
3392
5864
0950
7019
6443
2101
5524
0193
9012
3555
2291
4282
2258
0651
0809
1804
0253
6144
4756
2537
6151
3992
2558
3232
6113
1146
8201
0709
5801
5362
5534
3312
3590
1128
3724
6661
1317
3391
1185
1605
2491
3784
3702
5513
5824
0239
6335
6657
4920
2912
3571
3789
0650
1849
3967
2577
3722
3315
2549
6027
4848
3192
5422
5622
5206
0358
3638
2359
2389
1025
3439
4422
3348
3265
4585
5701
6123
5264
1721
4408
1428
0087
1204
5491
1022
1528
5379
0083
4106
5194
0346
5277
5360
1383
4263
3364
3576
3376
0633
0505
1052
5645
1239
5068
2270
2531
9049
6611
1058
3541
3497
8198
1476
0896
0400
2438
7031
0663
5453
6644
6579
4001
6366
1341
1347
3345
0489
5704
3350
3335
1595
1644
4579
3836
3316
8177
5178
3726
0364
0440
2354
5703
2637
3492
4234
5001
3528
5629
4907
9043
0240
9019
5370
2294
4830
6219
4102
9030
6275
9001
2006
4622
4761
1178
6634
2575
6242
6662
0927
1952
7033
8125
1521
4447
5336
8118
3790
5747
2261
0666
1666
4546
2429
5450
1427
4861
4099
6668
3596
2022
4151
4850
4880
1176
3755
6157
3762
5794
5576
3503
0108
0290
4136
5151
5854
2776
6577
1121
2265
0221
5771
4239
3121
5597
3278
1157
1934
6276
3858
6265
2587
0553
1066
5723
5916
1300
1240
6587
2715
2267
4277
2371
3288
2628
1958
5227
3332
1974
2626
3154
2706
2984
2791
2736
3171
3769
0199
0579
5465
4594
5702
3124
4046
0211
9028
8204
6490
2078
5938
6575
6213
1590
3989
3305
1529
3737
6225
6194
2079
0932
5965
3630
0641
2090
6582
0035
4513
1700
6525
3791
6655
1682
0194
5637
8053
8183
5675
1006
0513
2203
0031
6386
5242
8020
1567
3039
5269
2094
5475
1677
7013
8237
6513
6184
0815
4179
0500
2675
3231
0310
6039
1043
3685
5366
1781
5949
2255
2018
1866
3169
5258
3276
6701
5561
2709
1218
5683
6345
3467
5121
8107
2151
3389
3959
6638
1475
1426
2166
8119
6556
0949
3845
0059
1654
0453
3833
2042
1749
3792
1321
2479
5993
3958
2859
6659
2581
5580
0762
0758
0343
3266
1984
4656
5533
0086
0868
2189
0517
4474
5899
2339
1757
4468
4361
1957
6451
1927
0557
0667
1211
3341
6385
1920
0324
1579
6397
4471
4065
6406
4260
0675
4843
6520
0611
4015
1773
0887
3701
1004
5093
3302
3396
8224
3770
3165
3485
6083
6224
5091
5870
5846
6234
0338
1199
3317
6509
3111
3193
5461
0476
1098
6279
3007
3725
2885
7001
1986
4000
2381
6256
3948
6077
5707
3291
6065
6128
2163
4313
2772
0127
1148
1985
5990
5480
5526
5662
6315
4651
2561
6084
4533
5176
1756
7015
6574
1972
5097
2658
5431
5143
1901
5149
4193
3017
3707
5966
5690
9020
0492
2172
6318
1152
5803
1745
2586
8003
8231
1455
4790
4105
5428
8265
5807
5107
6302
5262
5240
1316
4515
0475
2376
1237
0020
0298
8022
5832
6090
2612
2333
1403
1000
8133
2539
2460
2799
8016
3691
1009
5901
5677
0845
2299
1960
1982
6049
1885
0207
2718
6304
8261
5112
3502
5848
5935
0316
3729
0810
0429
3534
1615
6489
2497
2489
6293
3863
5843
6331
0592
4615
3619
3788
0923
4599
1909
0477
2309
5541
6105
1401
6629
6464
5024
1848
3693
2940
6354
0857
0113
1463
4064
1206
2327
5455
4328
7037
5483
6106
1663
1837
4199
2678
6471
1356
1741
6379
8078
5575
3776
1190
1800
3313
2303
3095
2734
3472
8255
1254
2961
4237
1861
1995
4305
6545
3823
6058
3727
1659
1988
6348
6149
5515
4413
6596
0265
3519
3079
5611
1882
1495
4888
5006
1011
6628
6216
8138
6599
2613
5885
0955
9057
6020
0110
6602
2386
1447
0613
5245
0315
4011
5322
0352
0691
0210
8216
6182
4706
1665
2556
2757
8036
2820
0939
1142
0560
3253
1821
2919
2837
2032
3878
3449
1530
6518
1801
0819
4139
6028
1174
0361
1510
5374
3022
3752
2405
0260
2881
6357
1788
1799
4631
2024
0451
4483
6612
0305
3418
9018
8054
3523
2510
1308
2985
2046
0134
1012
1724
1060
1536
0217
2527
1976
2001
5233
6231
2136
1873
5919
0971
4484
1295
1980
6623
0522
4903
0138
6161
0458
6455
6405
0812
6679
3344
6313
4154
0399
0748
1315
1645
3476
1186
1598
3598
4195
0528
2074
8121
1505
0966
6036
1196
4107
2785
5904
5236
1555
8029
5613
6206
8203
8134
1899
0618
0725
1259
1727
5168
3775
4070
2704
2755
5762
2729
2538
2694
0930
1535
3529
5958
8023
6651
5116
3990
1019
8117
2008
2584
8038
5543
6660
2700
0254
2364
1160
6519
3443
0496
5381
1264
0670
0009
2655
0096
0952
8097
3957
1734
6358
5740
3490
6393
2779
2252
6134
1221
3733
3951
0373
3482
6180
6010
1485
6395
1348
0690
5474
6367
0551
4621
3327
0176
4274
6650
4353
5551
1818
2169
6107
3055
5042
4541
6530
4733
0027
6563
6154
3655
5241
4378
2821
5999
6546
2567
7034
1987
0090
6067
2946
5692
3532
1910
1267
6559
0129
2129
5293
5817
4492
3600
6002
5986
2871
3085
5989
0616
5132
4204
3471
3428
1225
7017
2945
2458
8260
5696
0366
0961
4797
0467
5004
6208
4896
6390
0514
5388
2064
6474
4268
0899
3570
5302
1021
0906
1967
2470
5666
8033
3562
2058
3841
5595
2669
1855
0712
1108
4399
0021
4189
1908
6422
4737
3719
5391
5823
5260
8234
2134
0357
2415
0920
3188
6303
0529
1592
5567
1200
4200
5118
1092
0743
2683
6413
4159
0450
1301
5638
6021
0380
4583
5886
3686
3436
7039
5019
4138
3925
6648
1031
6440
7035
3161
2948
5903
1896
8061
4595
2105
4844
5022
2857
6355
0058
4522
0835
4101
0951
6192
2426
5969
6709
3384
0614
5082
5462
0006
2682
4560
1275
3885
5288
6674
0150
5686
4317
0610
5586
0564
6387
5191
4587
5626
2777
2490
0669
3592
1213
2744
6057
5413
5789
1881
7012
6148
6588
2468
1937
5746
5273
5470
1537
1566
4721
2034
6585
1548
5883
5782
4376
5796
0460
5737
0317
0088
1389
6316
2614
2053
0538
2149
6255
2781
5546
5400
0591
7027
1917
1344
2962
8207
4137
6295
4885
3290
2063
2516
5868
6373
5390
1231
0992
1925
5892
3942
5898
2272
1589
5438
5778
2617
6272
5030
0746
4664
4701
0878
1655
4652
0163
0383
2664
5295
2170
0647
5795
3842
3185
0032
2565
4444
8050
1583
0081
3158
2077
8208
3734
2041
2280
1879
2653
2234
6670
6434
8227
1568
4233
2559
8013
4028
5922
2636
2560
3390
0662
4346
6168
1138
4826
6114
3137
1422
1504
6091
5996
2708
0436
0697
0520
1280
1015
2995
5793
4133
5036
0991
1620
1272
5612
1123
5307
0444
0223
1750
4146
6569
2380
2334
3830
3087
4310
0805
0293
0162
1562
4859
5287
6259
0228
1338
3629
0225
0898
1307
5231
4131
4883
3713
0302
2855
6417
8130
0412
8175
1523
1865
3999
5325
2937
6261
0456
0151
0389
2686
1947
2318
2604
5028
3540
3200
1041
2305
6289
5525
2473
4254
5150
2004
3221
5108
3217
6705
1381
1067
1026
4446
7030
0574
0844
1748
6150
3526
5294
0226
1868
8010
2296
0247
5100
8127
3063
3020
2811
6116
5321
0192
6364
1085
6056
5280
3319
1524
5103
2011
1903
5957
1994
4128
1001
4247
4799
0559
0264
2474
2384
1811
1279
5499
1871
1806
1171
3101
5792
1680
3906
3354
4727
0602
1303
8257
4337
1423
8239
2358
3531
0600
5252
1554
2521
3747
2872
0534
1989
2057
2969
5679
3806
4820
5695
5477
5553
4490
3918
0406
4329
6538
4889
4026
5821
6498
3635
0944
2758
5029
4156
1753
5623
6033
4703
5099
1951
2579
2363
3905
4323
1150
2713
1672
6415
7018
4258
4306
0105
3304
5564
4853
2935
3923
5282
1574
4466
7003
3338
3321
0402
6006
0029
1641
6421
3924
0224
5600
4777
4167
5603
7005
2867
1526
1711
5256
6209
2943
8067
8069
4384
7011
3820
2600
5409
1320
6672
4208
4811
8006
0488
5588
1161
6562
6485
2111
0891
1527
5378
5712
6524
0100
4529
4794
2156
4682
6371
4891
4386
5454
0395
1049
2968
6481
1747
3622
6460
3801
5711
1224
1718
2316
0261
2307
3398
3853
0279
1681
2345
0038
2281
8074
0535
6125
2485
5403
0103
3834
2422
0511
4691
2918
6022
4256
6306
0179
1453
2097
0577
3172
5033
1784
1652
2795
1534
6613
2552
2834
5424
6075
4915
4281
5127
1970
2254
2117
9026
4574
5010
5977
6453
2289
3456
0116
5653
2498
6472
4817
4406
5501
0102
1717
0353
6044
0372
0177
5326
8081
1845
5169
0585
5156
0630
1132
8102
4671
4627
6600
5079
2209
1675
5165
1707
4169
5138
8157
1309
2688
0204
2513
1522
1147
2802
5086
3711
5549
2467
5557
1366
4506
6000
3748
5416
3856
5164
0369
2622
1077
0479
4400
5504
6266
3815
0978
2300
6327
2711
5283
3675
1083
1860
6232
4825
3008
2311
4111
5654
3546
5933
1691
5542
0164
4674
5265
4750
1179
2240
6269
3096
5463
1815
3530
6515
3985
4382
2251
3625
1230
3671
2703
1223
4788
1843
0443
8062
5155
1203
4407
0329
0359
0734
0233
5447
2131
2519
2478
1105
4402
0806
1167
1486
4206
5873
1054
5581
6647
1674
6654
6554
5825
4689
0563
8027
2061
0795
5507
1953
0187
1386
4565
3135
5798
4085
6586
5602
4183
1252
3067
6486
2139
5214
5751
8162
6428
6615
1416
1541
1884
0588
6544
1033
7021
6703
4692
0572
1758
3997
2733
1803
3994
1894
2939
4279
3241
9009
6435
2770
0821
3939
3821
6565
5509
3073
2625
1313
3586
1336
6426
0642
4576
3454
4071
2568
3331
5520
2016
3921
3139
1410
5840
4544
2452
1586
6446
5593
6469
2997
2317
1532
0276
6384
6098
3803
0665
5599
6211
0439
9029
1708
2554
5430
3336
6079
1446
5209
8120
3501
4170
1133
2026
2666
1954
5839
4722
4232
4098
1398
3210
3536
4855
6558
4182
4025
3230
2672
5896
3891
3256
5472
1154
5170
2717
0243
6043
1499
2444
0464
5609
3579
1255
0024
4710
0057
3557
4751
0422
1053
1977
5738
3173
1299
4142
0540
5389
5579
0148
6035
5197
4500
1095
4566
3623
4283
8229
0448
5608
2086
0333
2423
3334
5967
1704
2325
5157
5811
0040
6667
2509
2216
5087
0478
2362
0048
5617
2262
8009
6400
4698
6179
1172
3810
6362
8076
2904
3910
1314
3254
5514
3838
8225
5139
5130
0248
5814
0007
3164
3431
1616
0089
3469
4708
1573
4336
1581
4744
6473
6685
4078
3277
2542
3153
5944
2302
4358
4736
3864
0445
5979
1394
6271
4697
4115
1164
1334
3212
1010
4038
2768
9015
1600
3676
4597
9042
0590
5505
0270
4917
5305
4377
5889
1842
8057
1439
5512
5385
1003
6051
1169
3846
6382
8049
5658
0178
0074
0605
3100
1081
8165
4647
4563
1395
7025
0687
0465
1028
4567
1498
1182
0051
2462
0750
3614
5511
1759
0073
9045
3030
8064
5250
2025
1658
2533
1181
6523
2158
0462
1175
5212
6333
3404
3894
0094
6202
5187
6321
5085
4331
5625
5122
1813
5799
2745
5489
3047
4143
5716
5500
5473
0692
1593
2693
6606
1502
4185
1867
5137
6300
0565
3440
8259
2599
1863
6633
6047
5752
0737
2504
6267
0363
1998
3370
4347
0562
5334
2574
0621
5897
2603
5565
6041
8256
6482
2938
5863
4295
1018
4027
3582
5523
5647
2738
4269
6069
6050
5765
3932
5902
9022
6118
2914
6163
4552
0895
4216
2529
4017
4405
3568
5955
1760
2021
0259
1878
1770
0408
4123
2477
3077
5725
3632
2366
5272
2649
0452
4147
2322
1061
1349
0962
2502
4873
6470
0004
5882
1850
3325
3903
0354
2702
8108
4224
1714
5486
8219
2337
1114
5249
4909
5685
5338
6683
0786
8123
6511
1220
0884
4231
5330
3822
0424
3861
4798
0340
6573
6110
8026
6424
1298
0348
6653
4833
9050
0843
6326
5494
6642
1888
1699
6503
4069
2122
6567
2451
2569
1777
5275
1293
1454
4866
3488
4508
1633
6314
5550
1166
5219
5596
0640
5383
4411
3489
4580
5208
2981
5117
5766
5547
3875
2288
4616
5562
0111
2941
6359
4767
0068
1667
1100
0504
4004
6062
2526
4464
0832
5339
6694
5560
1306
3577
0229
2060
3594
2092
6254
6173
1723
4043
0638
2898
4245
1070
8126
8047
5014
1345
1285
5812
1656
1311
6122
1337
2991
2385
5939
5222
2605
6140
3430
3403
0767
4778
4045
6461
1584
5770
6695
2424
3610
4893
5279
4168
5775
0045
5680
3930
3742
5558
8131
8238
4638
0986
5573
5392
2071
8153
2774
3379
6375
1763
3560
6203
1429
0940
5297
0168
4294
4489
3134
1397
5578
4036
0607
0010
4338
4554
4718
1470
2160
1992
5468
3928
4690
7026
6370
1412
5327
2336
1797
1852
0646
4007
2662
0698
5598
3548
2356
6136
5614
5451
3484
3865
1731
6346
5009
3547
3119
6458
5757
5492
6444
3186
9053
1217
8007
2530
3125
5528
7024
6210
6138
0735
0652
3179
3287
1946
5568
5128
2434
6156
2269
4040
3382
2205
0095
3524
2824
3195
0797
0499
5289
1991
6132
5837
1328
2878
2238
6475
6127
4434
2259
5255
5640
0267
5510
8039
3275
6706
0765
2899
2850
3661
6262
3961
2520
0286
4290
2996
2428
8122
0554
1262
0828
5571
0145
1079
4432
0107
6351
2760
4573
3669
7023
3035
7007
2957
1442
2211
4791
1841
2644
1627
0328
2907
3294
8220
5298
5632
3583
9038
5784
1292
2196
2273
1775
4031
6682
2986
1965
1517
2194
6214
2908
6591
5109
3474
4445
2923
6666
3949
0063
9027
5655
1424
3322
2499
4067
2030
2264
2414
8079
6060
1140
2109
0349
3113
6702
2685
1870
1880
4081
4091
0365
0998
3112
6030
4864
0428
1819
8015
5636
2144
0157
6061
3812
3359
1709
3216
3607
1342
3756
6011
4584
3303
3117
2449
0011
3423
6260
2312
0801
0471
1373
7004
3795
2084
1238
0897
2780
1834
3457
6344
6681
2360
8226
6652
0250
0091
1165
3493
1578
0403
3604
5950
6605
2714
0542
6078
2081
0833
6616
8211
6019
1325
6581
0981
2237
1651
3432
3309
3580
3352
5744
3898
2123
6221
1696
0970
6195
8155
6023
4537
4796
2048
1191
6427
6135
3937
3527
1959
2701
0931
4332
4709
1889
5432
1553
1761
6133
3986
0977
2421
0418
4003
5023
4048
3730
0948
5204
0570
1726
2051
5324
0336
5248
0084
7016
0251
3122
5092
2330
1411
3057
1596
0387
5826
0132
6217
8176
0580
6543
2431
0490
3292
5145
2301
1402
1469
1459
1766
2419
5375
5102
6493
4884
5651
1441
2514
4589
0053
2621
0147
4610
1016
4875
3965
3281
3535
2947
4364
8017
5698
0759
0967
0782
4606
0121
0653
1520
4253
9055
1694
1099
6377
5606
1125
1892
0097
5736
2244
2440
1913
5435
3110
0170
3998
6146
5237
6014
5563
3647
5506
5941
1515
6462
8025
1302
1698
3306
1449
2256
1038
3843
2306
5642
6656
3074
4322
1159
1370
1433
5997
1631
0629
6241
1130
6017
5484
2936
0297
5980
2534
4910
9021
5364
2735
6222
3552
6583
6139
0599
0015
5140
5566
6392
5710
5013
5631
0206
1772
2663
5365
3279
6100
4370
1501
4321
6204
4094
5527
3215
3832
1023
5189
4356
0472
9010
4564
1460
5535
3670
5131
3103
6288
5442
1358
1417
3825
1248
6162
4368
2740
6338
1609
1151
1705
0461
3996
4472
5303
6410
0014
0959
5243
6609
5402
6699
4892
2671
3984
7010
2096
2756
4509
1369
4145
1531
9052
5875
5619
3694
0935
6521
3244
5417
1304
1906
6363
3102
1425
0937
0378
2960
6528
0442
2277
4176
2917
1809
1014
5171
4463
3180
2108
5210
0137
2379
0142
4350
5972
3042
4485
6296
5186
6564
1430
6353
0668
1767
1512
2059
7008
0822
0304
2020
4287
5582
8148
6137
6391
5448
4423
4303
6285
8205
9054
0459
0277
0942
2500
3445
2927
1229
5412
4181
1642
1570
1438
1701
6109
0237
1451
6085
9008
0909
1999
3628
4326
2455
3197
6610
6673
0426
4220
3659
2271
6466
0839
6101
5998
1326
3931
4863
6627
1281
2630
6601
1725
0836
1591
4901
5291
8115
0196
5315
2518
6064
1350
3631
6124
3991
6126
5713
1068
4676
4205
5776
7006
1963
3483
5790
4055
3051
2894
1669
1253
3706
2481
2486
5727
2522
3976
3223
9035
4738
5259
0234
4417
0209
5188
4056
3268
4186
3627
8210
0834
2348
5268
2547
3433
3554
6407
3355
6704
2047
6319
1676
6268
5816
3052
4117
5423
1250
4494
5615
6164
3553
3895
5610
1036
5481
7014
1020
3351
2378
0160
5002
0012
3901
3982
5633
6376
1075
5223
2879
4530
6215
1170
6278
4375
5591
1823
0072
1735
3572
2124
2436
2173
6504
8028
6487
1621
5328
3407
1050
4592
4079
5936
5125
3603
0561
2012
3434
1660
3698
6012
2304
0109
5531
6189
5708
3062
2266
1388
5312
0047
9036
4180
0594
4539
1859
1251
0420
4421
8144
6441
4550
5616
4598
5585
0571
2828
6491
5577
2357
3768
2443
1966
4037
4505
1144
2177
1059
5335
2716
6589
5656
3464
3459
0501
1444
0512
1177
1065
1506
1379
2999
1738
2578
6360
0140
1291
2068
4730
0532
0371
1942
2555
5835
4449
4781
5663
4390
5251
3446
0518
8160
3400
4593
0393
2691
2320
4518
0779
2225
4251
4668
1722
6592
0376
5652
2091
3147
1969
6495
2076
1921
5974
3339
0679
2009
3522
6038
4681
3146
6159
8046
6185
3050
3872
2370
5469
6323
5788
2287
5540
1392
5238
1156
0798
3006
3001
3424
0984
5584
2442
0085
1413
1765
4228
0283
2754
5434
0080
6488
1997
3394
6160
3745
3859
4172
3425
1013
0908
5216
6568
3744
2884
1503
4291
5621
0672
3977
5937
3819
4654
5516
6055
6130
3264
0385
5278
6235
6436
1830
1926
5797
6372
4149
8051
6226
5660
8092
6625
1158
4672
6669
4588
1895
2973
4527
2487
0702
5518
2388
1093
4795
6671
0432
1955
0628
5314
1139
1073
0330
4130
0300
1465
6676
4766
3721
3763
1511
4047
6478
2557
3543
1935
0098
4635
2141
0921
0457
1869
2593
4020
8171
1141
2332
2528
1195
4348
1414
1008
0769
5932
1930
5012
0831
5681
5964
5229
2313
4913
1474
3521
8132
4523
6238
4473
2147
4590
2845
2647
9017
2848
4261
4008
9047
0824
5401
6463
1046
0990
1129
2204
5306
1790
4898
1208
6621
0498
2639
2545
4716
1322
6169
5800
1576
4443
4869
3743
6003
1477
6103
4731
8045
4327
5414
5015
2916
3414
6233
0060
2573
3479
7036
6325
8048
1097
1055
2965
5709
3993
4528
0714
1835
0159
5900
3551
1649
1183
0313
8090
1657
5975
0578
4536
4289
8103
8142
0731
2913
4805
2418
0752
4083
6501
5592
2338
1246
3066
1324
3968
3090
6608
0595
5878
1496
4284
2038
3381
1716
2624
4818
6465
1409
6111
2413
1916
6630
1296
8147
1862
1089
1030
6624
0269
1106
1126
6497
0391
4360
5408
2627
4177
4082
4187
1153
3136
4068
6450
0419
8094
2450
1514
5361
3565
2747
4436
2933
1513
4726
0414
8215
3953
6437
6552
0153
5859
3749
3697
1971
2323
1087
6199
4562
5018
5773
0398
0837
2773
5693
7002
2742
4062
1796
8040
4345
7009
4470
0320
0423
8214
2372
2027
3516
0502
5110
2369
0890
5181
3362
8035
5300
3120
3118
5855
3270
5317
2989
1351
5198
2692
6031
4581
3015
0005
0284
3029
5791
1808
9024
8174
2054
4250
6298
5992
2404
5909
5880
0441
5427
5890
5167
0912
3368
2314
4525
5129
0757
4095
4519
1035
8012
8111
3176
2249
5729
5425
4044
6095
5246
2660
0133
3929
4211
1929
3420
1786
4134
1493
1458
0114
2998
4630
5718
5917
0382
1814
1563
2098
5286
5299
1836
0568
4442
2028
2956
6117
3883
1893
0974
2495
6686
6423
6635
3952
4455
6663
4324
0567
1233
0374
4299
5490
2847
6640
0525
0350
3811
0008
2187
1519
2503
8170
4100
5865
6119
3944
1002
5095
4602
2260
1432
5962
1057
1278
4769
0723
0061
4461
3916
3247
4380
3250
5372
6153
1824
0700
0360
5488
2798
1136
3556
3127
0307
2761
8188
4262
1533
6270
4803
2541
4673
6361
3413
2580
4255
2619
0381
2233
5928
5008
0115
0941
5728
1143
0396
6343
0493
0244
0830
0976
5080
8004
3716
2635
1690
2551
1559
8173
3715
2257
2665
5337
6104
9037
3983
1481
0597
6245
1668
3617
2792
2321
4679
5498
5569
4302
6516
5153
0339
0041
3873
4557
5664
3964
6496
3460
4041
8236
2681
1742
3848
0213
6626
3098
4625
1340
0983
5407
2065
5749
5192
0050
5947
5363
5891
3620
1390
2880
5232
4669
6045
4758
4762
6072
1232
1900
1762
8008
2285
3032
7020
5496
5753
6571
4604
0386
2690
2661
1371
5003
4335
5850
4401
1944
2161
1746
2176
1319
4531
8218
1604
1607
3099
5261
2540
1207
1440
1245
1380
0936
2928
5630
2851
1194
6147
3036
0634
7022
5689
0631
2585
0722
0054
0888
6514
1833
3956
5161
1671
2045
6617
5136
0988
0601
6228
3477
0143
2263
4854
5946
1588
2396
3076
5471
5105
2127
5368
4114
6477
4558
5017
7029
0379
5041
0335
8141
6037
6641
5404
4178
4700
6088
2282
1294
3855
4242
1754
1614
4603
7032
4451
4218
3866
1436
3126
0811
4058
0545
2905
1184
2398
2457
0235
5493
2553
1898
2707
2677
8235
4325
6637
4267
4481
6205
4066
5457
1736
4862
5270
8262
8168
1434
2365
0671
5671
1276
6578
0537
0604
1487
5429
6483
0326
0957
5913
2654
1928
0405
6230
0446
5530
4813
5415
1258
5815
5333
6492
1557
3072
3566
1844
6547
6074
3626
4812
8060
7028
4297
1339
0299
6447
6334
3995
8164
0454
2836
4074
6708
0118
3616
3363
6433
0271
0685
6328
4881
5856
3880
3152
6013
4006
2570
6286
3271
3123
5384
6312
6305
0392
5866
3182
2015
1597
0463
2493
5806
2535
2087
2013
4772
0874
1330
6024
1962
6310
0325
6317
8199
9016
0208
2640
0515
5332
0064
6677
1466
0526
3410
6622
5818
5174
3337
3272
5213
4369
6594
5075
5487
0280
0552
5739
5094
4870
0425
5570
0172
6347
2926
4024
5089
8190
1372
5809
5604
6454
1793
1661
2632
3330
5106
2425
4914
0104
3696
2148
6263
0195
3201
6301
5482
1647
0718
1876
5907
5767
8182
3585
0674
6059
0863
6283
3537
1768
3056
0804
1209
0612
1887
4246
0829
5804
6572
1624
6408
8245
6201
3595
3318
5537
3108
5410
5805
0212
3639
1618
5808
5218
0397
6349
1569
1683
2515
0056
3703
2544
6378
1840
5148
3723
5772
2437
6484
4385
5991
1697
5968
3591
2435
4902
5618
5341
0401
3442
6322
2118
4010
1802
4712
2536
5684
1228
1266
1918
0291
5007
1612
3310
3438
1452
0870
5217
5831
0487
4243
6590
1961
4148
3455
5960
4034
4379
8250
2407
3044
5444
2952
6398
0497
5406
1785
0173
4030
6675
2543
2492
1979
4887
4486
0510
4342
0311
5281
4694
0258
5224
3946
0792
5436
2812
0016
3452
3463
2652
9046
5924
0960
2648
5439
8113
0521
2226
9031
4793
4632
2642
5200
0883
2719
0965
5021
4520
1854
6063
4395
2620
3496
4135
1064
6402
0101
5717
2876
1109
6158
5667
0384
1134
2825
0993
5441
5884
3375
5661
0573
3053
5691
2794
0112
5399
2892
1732
2069
4032
6108
2298
2524
3772
0803
0275
5954
4511
6053
8043
8091
5247
1662
5296
2863
6121
5769
6419
1713
2673
0331
3246
1155
5221
2448
2469
5119
5182
4124
3970
0817
0766
0716
1904
3913
6595
5732
3954
5745
3160
6607
6007
5405
6678
5820
0332
1327
0431
4634
0774
0216
4244
3377
4394
5822
0907
5601
6707
4906
0982
3673
5111
1948
1236
0491
