191547
57919
76255
116091
169989
201394
112209
153947
109799
98553
98486
191373
18219
70863
120166
93789
101395
89297
173388
186801
166405
150301
11690
112098
101403
23836
11561
155118
143607
26376
187483
179460
49910
154732
191181
115606
163704
184954
192869
150946
189651
128631
26757
166063
124475
73838
160128
168736
171548
111987
156260
21974
101376
88925
202299
209473
184317
94709
130242
61603
192802
138762
11846
174321
169954
159277
178980
148414
205167
152336
162726
60671
161381
197870
60825
97355
151755
5463
188270
50241
198958
70730
12144
206284
61203
187173
2304
143962
76589
141660
25685
133759
122582
44108
130281
5821
165221
6006
3504
6350
6446
173365
32148
28381
172688
139556
5539
81434
156914
15134
30093
182481
16725
45796
191004
142738
111052
100170
5869
13284
61147
5753
104313
146464
113791
7071
127632
160280
149259
148027
128377
109134
23157
126060
7892
9478
199599
114305
201649
101455
200654
69725
97870
23577
174356
11459
112449
192245
131259
141410
179696
162354
10491
188629
177318
36461
32882
157450
182571
177229
132683
1600
75717
206117
82168
206027
11924
154481
169898
12435
183025
174793
84829
137156
56702
141132
185101
143828
206447
170410
123810
182340
93395
175594
75231
36242
98721
80595
130456
90135
92129
109420
15710
61299
188835
148653
106334
951
66038
50110
140805
70150
87675
50878
12793
122857
154797
20896
84826
4113
56124
182231
74096
88258
14891
106954
198044
187206
48999
175017
171592
209425
27066
164713
102288
132583
207170
84665
100633
197748
163135
164621
167794
74448
109435
182850
171300
196299
129032
208306
144170
150669
172462
167684
117945
94439
191197
138679
162226
5737
5189
34599
181781
204202
57941
112857
62810
74124
180251
24748
5303
106621
3815
192069
95255
155335
192784
140647
174167
104836
49037
86180
168231
92300
125780
65560
167984
174699
1585
188150
202031
191567
118675
57320
186022
191513
117165
187262
155333
122783
82411
17637
49601
188434
60758
38661
136792
197860
198788
192599
24237
185241
166915
164502
56150
57689
99531
176474
135395
184357
129058
198481
122869
112213
38603
16546
183464
131588
132238
148067
171145
109254
207584
4870
158727
205882
94218
125852
124323
101652
176121
108059
7609
8280
124385
177589
132481
198183
19279
51247
12833
66821
203775
199309
161205
4031
204589
151638
104837
129898
181802
101415
168728
125437
153682
62486
152332
128372
138234
70132
173391
50196
179004
141741
127445
176160
26834
188698
24493
8106
190268
200341
23820
133056
196969
180781
151788
27570
51286
120191
48223
11761
180464
108679
99506
130602
134810
62604
119553
181935
47811
148438
2310
157137
37707
179398
22047
26966
197995
45772
162160
86032
145185
134652
99131
188283
177722
284
113855
157539
191562
11298
160388
156810
106340
201758
186852
55970
133988
132515
139256
178537
199073
63372
162556
126887
175275
104835
173444
9659
117761
152679
5230
205131
141820
177301
76114
129919
56043
6254
197996
205039
64540
56176
129222
127179
191204
157653
126654
13420
154914
47764
91396
143735
178002
207734
192566
175677
90378
139321
170379
9033
141791
118283
163714
148599
86999
48199
164041
49039
101636
155887
179160
145475
97788
167989
148302
187885
51116
104455
206086
49419
178466
108926
153234
156805
128076
60979
59550
194071
10354
106195
48806
148932
193029
146617
86970
52478
176169
179427
18886
76877
191431
154679
21475
209144
5231
11297
74177
86299
104400
203146
155700
98692
183192
162621
151636
55512
30051
206026
86605
107658
92552
70915
10283
171169
90482
151548
142718
144869
180405
207909
202282
142005
112121
68928
1166
186263
155509
162776
102885
106953
97480
92011
165764
86600
181168
75284
66291
912
141707
167993
175570
11362
182722
203346
113832
160127
5634
93018
188477
157999
204355
181823
39342
131161
17352
146994
17022
202920
61292
3429
176188
155514
15664
29893
4430
10782
163133
62725
80829
156917
142797
190903
187811
49859
160812
179422
82287
893
124185
204345
66053
202343
17543
205509
152786
11346
23186
51305
128573
105142
57841
159926
43899
97905
185166
2794
167349
175682
95901
62814
96566
175203
81996
21332
70772
125870
88198
143721
159927
127855
134797
26237
209142
55207
355
126627
134591
151119
105656
94824
189045
140028
162166
141015
17407
39235
97598
163002
179108
15976
157852
157593
203760
49962
170471
96004
191273
49123
186067
124487
91016
206902
86527
94694
91027
84202
170762
119814
206754
127369
203373
180145
1288
202293
106304
28391
136088
203246
71747
124127
6227
104714
157291
122473
203307
19102
11403
29729
210873
38765
174820
147978
106536
129311
9012
158114
1882
202715
58820
176526
100991
147618
209827
60932
128913
207572
140867
118105
175992
153805
89169
30022
70332
114598
119619
77552
176728
179356
87845
206930
188041
63720
165655
143318
184173
282
74641
180400
275
818
82294
187858
34004
115039
179217
86630
90111
163374
130604
185925
101034
596
154290
26427
68825
84904
175951
46992
167584
5528
61845
134054
188117
132147
142716
76397
66254
60789
125471
57848
53340
99325
133240
156402
150733
125703
4828
171096
125796
125929
94778
155196
200794
76819
195319
18959
66323
158708
80543
95523
204187
44224
138605
192293
104043
47779
13339
59468
13192
189450
164442
89206
188209
43302
201681
4283
1934
84429
46108
188478
74296
1944
201318
170061
129588
123934
12008
8032
192365
161700
103676
64891
154435
111965
116591
177572
132634
188943
162366
110759
99780
13317
165761
197349
133389
83465
155515
162614
15879
140644
186294
196074
174336
11878
128684
60087
197678
26804
160855
28804
158013
162349
126806
16431
69071
7995
117839
59909
56155
79090
180257
51972
176461
9135
86185
178279
142527
137819
176144
87225
167879
110114
26450
202349
71975
37328
178230
76149
76961
98345
56374
146928
150067
8976
16491
205687
175466
182225
28756
162652
30251
115449
197135
77373
207619
203763
167097
8039
27330
207471
45328
147941
203446
414
72940
38760
81403
187009
50836
123324
117489
127319
187898
200384
150604
173592
183803
12693
135371
122555
167532
82171
194993
36791
40927
60387
157410
176649
135967
85784
22114
88163
200454
196091
175054
59300
76349
175385
53302
141769
108582
59913
203749
58195
175480
1865
144226
175305
82074
77934
198471
92419
193991
103952
208370
139403
38900
96340
19011
27491
130043
65657
160822
163679
169043
182180
735
210218
16768
198850
142669
159360
199155
103503
176402
151210
47334
21154
69300
65605
62627
60196
174394
164832
164598
23976
138915
121305
140677
98965
72069
19042
143325
142742
182190
151873
88168
76969
200712
145845
50820
124426
12100
72104
79409
124599
154588
183702
1886
208863
125946
170121
141841
110864
68250
24735
150486
78705
164544
145777
165210
155921
154674
109434
210826
155207
7819
18927
89493
140738
109297
154071
25257
117189
164580
150052
175174
161725
188114
201125
53174
83877
13467
150336
96071
68317
63398
133219
207478
180009
70588
124018
145247
170995
99483
147394
4823
154291
188670
124537
18208
14597
154901
78716
148437
120771
171590
27538
49500
52501
5785
128653
92517
3467
98481
143648
179159
162177
93890
120201
96778
86904
169609
90741
48251
32185
137801
14872
13516
103795
202553
173033
84305
81639
172722
116351
77691
28440
128324
140095
184105
202166
190361
37508
206707
209494
18314
170779
32195
158124
57825
184387
9496
102820
26745
164390
189188
199717
198295
99610
135969
198386
19973
32331
176400
99202
62861
193017
202280
150948
49697
145412
8511
101392
8828
105908
12882
90406
189941
173566
163692
128633
150128
199601
137663
145834
126190
145568
169373
149092
143776
148593
24406
197114
30927
63150
126005
133950
28712
89865
145544
109758
95044
208031
71113
3362
195808
134677
38368
93459
43544
184376
89272
177097
135690
160345
187284
49642
76340
17061
20883
32486
15790
58674
203031
146249
129165
185435
5897
161998
129228
113175
170393
82738
170439
29105
151129
133698
61579
34713
60182
209846
57095
117248
1445
89410
137215
117213
151846
144275
78261
126638
68340
143021
12771
197546
133417
195176
74591
151508
181157
190097
188714
163578
118374
142131
68401
140126
138867
135983
9057
173107
170674
141842
188625
14179
71204
97411
62389
172987
197381
188945
175048
4133
135233
150438
120030
103279
121328
102834
45431
204609
133923
171177
172745
188715
200178
69612
124377
30972
156686
150008
157051
140318
192728
13450
119710
148123
182028
6618
204827
66903
45114
178204
94137
141747
84065
9799
67585
166827
150173
56108
183665
122470
141883
176938
131766
840
126359
101797
41677
202443
93933
203187
48060
186112
106136
142948
106116
9814
134597
202367
133732
144178
206969
204180
115077
51567
183415
168234
169950
8881
142185
61668
199952
128225
18851
134339
159008
76032
4435
179442
125012
201725
55354
104897
55589
104899
60944
83322
142774
107072
118370
133221
122956
80507
198680
197712
25000
181360
91759
182139
188328
85943
175478
5022
191491
154742
140696
150197
105561
30065
90287
207204
142233
115551
94142
164064
181344
157042
13356
201989
196386
140067
192895
198040
189556
6823
179416
134789
158973
156010
199423
205968
101372
30091
178803
199984
84715
166934
208231
17526
79611
83602
92019
89494
202086
142848
101693
185427
139822
95563
157567
77133
23003
142789
91670
204934
47122
86179
23683
24683
23817
150781
164191
128828
202888
188377
190013
94901
87290
176409
49991
147346
120378
126591
168407
96693
175481
112024
6693
148971
3289
188631
43412
187085
140200
87902
30757
158352
31076
183251
75042
181838
142406
200882
47340
170770
15362
179586
48572
15561
56265
207158
74466
145488
68235
69666
151641
144183
143191
185714
170096
195728
63567
94319
66786
179432
126746
109206
187531
88042
160596
174204
123532
171089
17844
5764
19820
68123
15763
164602
4931
170571
90771
125399
44387
131974
77162
30300
12845
164702
171571
163193
99276
13515
206580
164571
98012
143425
146174
90306
93610
155261
11193
94065
172588
37003
108793
24234
149848
140186
8271
151314
129789
49986
189242
189002
100139
120098
52930
93111
193050
198378
134424
128391
60433
169631
299
90404
155098
89276
169139
202363
69118
22136
8454
59466
124184
78545
72488
72747
77362
115199
106121
117819
167898
182758
139244
197134
207502
59042
150240
92284
189021
90205
143630
97148
119028
27178
102607
134934
143447
197786
19189
152509
42923
75488
208276
131582
91953
95489
94985
173794
141694
56041
152217
25226
95490
38060
117491
18930
11060
198514
9501
51973
191009
187294
56543
169688
91459
87753
40642
7896
104041
195803
71896
78878
181787
142765
178883
104558
23748
105562
170221
163896
31682
179287
199366
104547
42599
75179
107430
919
140540
94769
101513
27051
163331
137472
79293
194854
118648
153651
39957
128957
7796
209039
56638
143733
120641
167393
191310
141727
117677
161541
161511
32691
106331
179433
87628
143262
3473
81304
133027
202335
159672
68315
135477
81629
186169
198682
144680
167587
76407
117393
90643
133256
38768
75808
134465
61562
123742
208575
146395
112102
127769
4012
187266
59253
55601
189269
90723
116744
23770
76592
26023
153860
2546
143199
13331
76995
78647
186749
80363
88210
2333
166543
194824
188437
11318
76752
6975
171656
184386
147082
2329
129870
5363
76889
13898
44536
75233
98045
134836
26936
78583
102740
182511
16989
208645
104351
25895
3344
7040
87881
167990
122535
134568
191418
197710
171254
161999
140773
201738
203940
117218
74981
186216
196903
87983
123792
141668
89952
111745
162312
181586
107934
99507
90496
169368
118923
62651
9699
174995
77307
192667
208749
3434
103439
94881
181487
24052
160662
175108
170244
97994
21244
147660
135701
141598
66640
191200
19429
159135
185436
160469
155983
210459
167128
55797
72562
93482
127353
111770
188898
125513
175647
146327
67290
95824
152670
184166
160962
209828
108673
23560
86011
4936
189090
161060
164187
127894
163463
16988
72034
62852
47854
2313
81442
40818
101313
200744
116539
73981
103675
205457
38093
208157
192120
144426
6840
173778
57058
76885
19249
25954
18946
200058
180691
157619
96962
101269
90849
210610
148493
168178
161312
115740
199691
202056
5143
160970
64709
184339
8611
136317
194721
40055
125518
170046
71677
24388
152103
18565
61061
57348
202988
190797
191025
135294
148152
150070
18852
55217
152764
123581
6791
208737
17660
147700
49824
202778
190856
32258
165083
35795
97700
57077
72424
149820
108317
182531
204184
24429
195088
106595
99308
166191
199195
109920
197221
164225
112193
100664
187042
101770
57945
126747
141699
109073
153642
171295
98084
43232
198357
154708
69613
7771
6580
183250
115619
5855
167117
174938
15264
179280
15622
10176
108704
7436
161091
210844
133309
203897
137461
197020
103508
186070
111014
160591
61098
23924
6876
203427
162126
202152
166694
136759
162712
69778
139261
7821
108360
157860
95331
165503
161901
199569
120253
67324
90454
18909
157196
67759
203252
142301
140009
177323
175726
124232
85505
134884
141472
89794
135266
163545
173092
126314
192727
162596
94820
48924
13323
21147
63224
76612
19593
92702
78303
57944
105632
189150
204661
140049
155658
208079
143725
188394
209123
182776
192487
53540
152014
187565
180442
84583
140728
144528
200707
157048
77939
190151
169357
177076
130613
52839
173717
30623
68959
197350
197110
66667
173847
208363
60094
1728
183908
74873
163364
138785
209303
190775
138720
199393
131596
78801
74102
94008
117190
103946
65291
150996
92951
69224
167483
82824
188628
95116
166321
142133
191392
200062
142344
152284
152097
183539
133965
61660
18327
41022
157542
67366
40622
176798
126427
172379
127749
131949
29138
176761
175671
76741
185813
140187
192070
141479
209909
173657
128347
78594
175578
43637
190869
55613
131883
200342
50833
198064
163966
171887
77233
48466
210497
177544
66696
109509
59240
198849
93825
3327
191217
52307
151562
105146
80274
142258
91646
24917
2448
207985
150380
24582
133167
204239
176982
152077
183024
63499
2268
182566
5034
80028
155340
182505
142520
79809
190512
128772
108234
5673
192101
127592
128435
52079
48941
24771
132672
147254
152084
175027
190099
8814
61319
39185
205846
167881
143553
185926
178467
39739
151437
146158
53923
51167
130274
89954
49440
197613
132733
129239
135540
13363
208590
151653
69142
95086
124034
152323
149992
171158
151688
49854
147199
191284
102231
26121
74353
181415
133357
197113
127824
40054
79244
16030
105776
145474
116018
163223
164212
202578
4091
102292
203359
159450
143497
857
158477
18530
169445
78416
105268
185862
12019
194797
43604
79255
155734
1409
130855
12226
124704
102086
206549
32498
150513
117923
56083
207651
150750
191311
170554
102661
164950
13400
86020
142012
205459
9197
141825
186618
43497
104848
74275
199544
155870
18756
210956
186617
208032
108632
93841
91042
79678
100486
27044
65815
111984
32864
53989
150723
114352
170340
202260
100791
43894
7499
67403
133660
86832
163256
163210
13417
45329
132381
174998
88570
185321
86311
71771
68615
119915
59124
89688
208145
188821
153969
65292
206592
28046
202869
103161
113486
144531
115743
172693
163522
97801
168741
131925
138758
140120
168413
191516
80342
143454
182431
90075
160618
127386
137585
197021
108588
86406
24196
126054
107692
96604
33554
107891
132455
70546
9377
104584
175525
11603
65929
136631
149858
159527
208074
88576
83604
174967
192493
159002
31106
144177
208857
174415
194034
104050
195812
174696
125898
188921
24334
154771
68822
14299
157905
199929
15919
27033
106219
51883
17203
64042
189358
196553
119073
151834
125923
52756
160209
176282
112122
182687
62730
26915
61269
125685
13125
181443
154866
153986
166921
197634
149100
105292
208149
197734
5418
62514
66201
171739
47851
5574
51784
172573
72084
118966
8885
98001
148183
132370
41001
198398
173373
9190
146599
138064
209037
110554
141591
191005
202294
899
158120
145651
142642
118785
148725
5456
77852
190633
201143
60522
172820
132308
174129
178884
194003
179916
29997
67978
179901
76124
100391
155968
170883
169536
120423
6378
138860
147
163926
8762
4924
187035
165017
179298
190788
40722
188446
183720
195459
176923
108347
109851
163140
197514
169742
135327
172700
119732
60524
84489
118487
86492
195452
130421
11852
128055
153003
198400
196827
174215
94390
175947
105567
94812
192341
272
140453
209383
105409
128654
4808
77000
6870
184313
98011
206495
137590
56546
111062
199273
76940
118775
91321
180459
13308
194284
142250
123309
206964
74683
169439
199048
18743
173210
170298
21007
74056
26213
210717
173044
188375
3078
191576
227
204888
128646
13464
133511
13036
9296
152089
128341
44044
180943
24759
154648
43375
90072
210895
192428
1039
155135
174350
69490
181021
210221
128792
122902
128666
209027
184831
205377
84574
103759
207607
106205
51366
205363
141690
208894
106740
202587
169869
70024
1560
176020
104622
13471
56090
128599
146431
173796
90798
139102
179140
181047
184172
88243
116365
168878
128083
24453
55623
148368
24529
206631
16951
52131
123831
64493
127732
202298
85861
164147
25191
93798
175676
11156
124701
134170
203150
200640
125528
100856
45016
109239
41686
205773
5693
49435
42441
114930
117086
204132
74227
77805
11444
140197
104058
162225
4852
174224
114749
113739
145770
146191
99257
73034
32338
205070
164434
5959
157893
137269
205900
117200
39314
26278
8248
182422
5046
47099
109674
61377
123909
124427
157994
135739
174395
111862
162958
24990
5132
199442
187975
116571
59695
209978
17274
24725
69487
145717
201771
9718
199106
77065
182560
18572
96650
9488
128152
109647
94466
202277
149652
5957
145745
182495
161126
1178
164750
1664
97290
126029
106410
202489
38399
58371
199949
137444
167302
59239
64421
197713
201460
20616
95854
170327
156109
17372
4854
208991
140737
133291
154663
160393
26233
155923
134095
201035
55915
123334
167828
188585
187325
184311
204786
148662
84342
7697
174747
185320
90639
192863
132386
194181
49284
164379
5242
18696
6903
52047
187529
49939
125417
202957
130453
37335
167356
141111
166659
188335
103936
189142
181951
83593
154278
205373
154297
90039
107913
89429
52937
146335
123133
158233
33394
188858
142947
54160
48511
20147
128030
36694
94438
168242
146403
160423
8742
5188
130290
11678
181857
161734
191278
167164
114022
15690
85029
123318
9119
98023
144320
58839
51663
129425
59089
150186
78523
161406
177406
101168
167375
55775
80890
126650
75089
70053
192468
95620
131654
200593
134895
93568
143208
76695
78470
57760
177388
46128
58734
69372
56749
58924
188673
116231
157174
92208
189049
182212
143826
136419
144167
136488
99481
186799
198953
139266
169716
134352
55874
173709
143917
16201
187678
46151
125358
101380
195037
192544
202789
192173
200555
86300
25406
150768
106764
152309
51717
3360
206417
12484
59420
15127
210398
177439
208538
103291
11948
135127
117069
94359
119901
89895
92678
174983
184940
204585
16283
93164
164773
77
200346
182191
95370
98123
187089
93899
205540
95348
8648
108872
9459
134693
112772
5116
198603
23824
15748
89298
48755
205901
76123
138939
54139
132566
181941
197852
93721
200379
60421
75723
123727
18734
52999
76859
136972
168238
90640
205756
135232
85827
106922
192283
188697
210084
192301
183016
149696
26853
91680
172768
78560
84233
91452
118867
108559
179207
168080
184364
185156
83139
204227
160553
124488
185671
66076
140285
7012
201022
172869
8006
56017
128849
169190
11219
79407
123163
97167
169167
307
47964
206704
127026
130520
184320
185617
142011
141975
74209
137258
124515
173895
178281
197352
142457
103273
191318
187936
174964
93961
174442
78829
209397
144408
19104
28468
153643
100070
16529
210391
60933
141774
47350
185045
83953
97847
200844
88379
183206
151646
194018
197653
185592
189458
12586
98996
162198
202537
107090
180160
200704
100542
88410
7540
60730
138730
176827
107071
97923
25078
114110
108866
24492
187186
86173
15980
166060
163674
187060
177838
134985
7480
120394
204115
60473
120746
139333
189453
123036
153141
169641
133702
150883
1433
39603
192350
160997
75
178879
121321
7605
164923
151771
208704
190605
109144
60580
67007
164114
6631
40083
60584
103004
162390
75769
11070
187971
81925
204131
60564
38229
200012
104817
202774
146246
9228
78222
130925
107530
20783
84488
133160
188794
192725
188376
72074
154023
55923
169491
86286
45185
162724
182756
191317
205946
9592
113361
191230
94317
197038
105010
160595
76896
68450
187804
79319
181368
133761
14901
106642
9638
204406
126633
151537
120031
97424
204631
134734
76998
131860
58854
14303
89299
18395
136550
170745
123878
104356
206548
182009
68042
72593
10536
81513
5398
103334
197520
88307
15859
128411
75679
9990
194849
81987
48611
116651
206323
94263
198659
196614
104046
95010
135560
92836
181837
65547
184489
179950
207245
16196
188448
197974
154743
141569
209465
189749
103722
204212
110340
204300
96563
118417
181486
165985
89425
197276
116217
144428
76408
201146
98020
200387
74515
19910
90250
8304
129244
192907
167553
89301
77023
7147
163675
197679
136684
89536
19884
160682
140705
979
68343
93592
12322
141894
170983
140687
121982
40333
145569
201727
15621
30627
202422
105703
183729
14926
60449
12685
46443
23574
112202
56481
130110
112125
190902
171726
150993
35334
169618
86561
140198
6327
163627
159790
153719
168241
139965
39876
155114
55568
12048
65716
49034
137518
54381
146578
31046
10656
29118
55083
178773
210064
194950
83591
92216
78337
5319
108481
16940
148659
58843
181819
96537
181373
140937
81204
133041
7328
95123
96172
6847
10600
128461
104060
150554
145114
179414
133974
63025
52350
184838
97976
159644
141772
202103
143931
204261
3214
38742
118688
76952
149063
180008
81889
80203
150429
182867
123315
79084
139325
170287
174175
131961
39248
2295
188008
204978
124056
108070
131454
209077
197589
91851
16223
117002
141664
130089
3148
142635
157343
161684
149563
176455
184112
187458
209693
66006
140673
179434
431
187219
172009
139342
164583
144179
62922
134664
189257
105166
106371
167492
182326
135970
48388
173102
160104
44781
12344
153551
55732
182385
151255
57897
72939
141959
151614
131756
77963
189056
6087
124645
35759
126447
165810
194229
61059
194215
14449
210360
54536
167163
34294
97975
130851
91094
209309
20968
5899
13424
24243
164393
116562
120014
109241
88131
9904
183056
76190
105884
138232
94221
128662
72771
75174
77895
205703
48467
182071
70587
107883
126146
141903
159616
8016
454
200745
31170
189231
205215
3433
78874
106008
102787
94766
125400
22998
94505
68514
82528
28082
79609
144704
180055
26256
132108
208151
32150
152353
128655
162420
130889
66209
17686
168555
138130
50979
24977
153255
22315
199203
73616
81838
177389
55587
5318
197602
65962
119418
78785
180080
204044
124238
126942
106912
141284
203217
131623
191006
121200
104626
37443
167593
192549
165811
109266
69499
2397
172101
94953
208162
18943
167606
183779
149333
30436
1628
67258
191307
107210
178822
26117
208071
65352
157327
93985
162537
100631
153872
172668
178145
184011
144691
36544
28373
134121
93337
153280
182070
190635
38725
150207
137267
125681
4248
146176
33872
87894
203899
146048
133990
134848
160230
117408
161689
65257
51074
163136
68592
36717
165714
135573
152787
146014
24457
195809
188947
171631
193153
76343
208304
128296
89346
156488
190783
56048
124643
148226
86493
188262
195718
38934
125888
79121
164234
43103
10836
95074
201267
188138
18452
168159
95660
60854
70935
93283
107466
119047
207817
69903
7384
11809
163964
169060
103325
51781
156539
187019
102052
45405
84490
162708
103649
54467
128673
118573
4666
74783
166575
70320
91603
85878
579
104593
176068
4404
151278
179687
190518
78463
136641
39949
118428
136770
64776
160685
104838
179587
163114
202637
159974
60798
76694
128672
190298
202708
165911
47400
194244
181424
31764
157211
163552
167321
59298
154271
151984
65279
140448
129291
158143
118783
42953
144237
147388
126714
181490
191527
143216
193056
24964
129688
119258
171556
168137
175198
89282
131768
125138
155113
115318
135795
206054
49977
149167
4320
95222
208067
107058
173175
162691
122172
36235
131192
11692
78661
63379
23069
164714
143253
159285
28547
123046
162961
128245
11945
179850
50001
208330
10134
196751
107505
102587
187648
166279
85657
205506
77558
167430
165306
4146
134659
183051
109623
180004
188247
114842
99279
103892
12893
20656
3942
48948
140699
142647
56060
169764
133101
72352
100670
102105
24209
50225
183704
107615
60146
26758
192630
54061
198781
155713
107659
106301
204330
141374
128465
76970
199546
104963
190019
60896
180401
164815
114033
103222
202775
153244
209977
25580
115134
141414
287
4038
94683
49345
200055
202722
162827
182767
101858
128304
120881
62838
137448
135558
86945
65864
21432
209954
37702
177177
124968
124669
118274
158836
116517
145537
185952
139246
162862
179676
96544
182784
189033
108624
24833
204729
23006
161686
19930
115151
50797
157727
124253
151965
189515
9582
16627
194183
195763
112691
17842
154148
186518
31127
139079
106089
67426
103299
124187
10079
202150
207087
62467
6311
108132
162422
194313
166319
153598
51779
168503
89961
90434
6574
106188
13463
77109
92683
208033
27003
43090
179532
18857
3183
171506
138911
82089
206237
6917
24673
176713
163716
142405
13368
89875
84682
197897
11875
156750
17350
50574
188571
136668
135049
89686
81123
143913
103985
156245
94374
2225
106903
129650
158172
84064
33544
206716
142643
24918
86665
167030
205569
30131
140700
206011
147827
183252
197963
187566
22141
166153
200340
134720
96221
91116
203073
4271
94937
15677
70242
94423
94693
67911
179137
72377
154657
159206
36427
4303
183212
187086
75430
43206
162733
175973
151248
161927
53287
204804
133287
49786
180170
2979
65768
163903
113388
16505
105391
168608
132274
123317
94173
206781
101060
206715
130896
11517
153455
186391
132158
177943
71631
111687
62372
167404
181148
166322
140561
15030
127994
77657
122910
64631
160390
199695
110423
190302
49102
28507
92814
169561
65241
64859
20772
128665
97915
197741
118136
161389
39391
105647
66870
184209
195179
156491
161761
208532
44712
103910
199143
177977
83832
28936
146205
52470
209076
94021
106730
191113
141406
109869
126267
187270
12755
143505
137616
169035
115548
118990
168781
27522
51880
154767
131262
49674
122940
61696
23354
12971
194272
3835
30158
167442
48292
5824
170933
24997
98592
163573
73646
31815
93969
9419
143723
168
200761
167245
105960
175817
118791
43989
140732
200305
12649
153080
29099
19602
206906
99711
75699
127400
173673
5380
150931
3732
26828
175009
108490
183342
138371
147664
156056
127788
135770
210990
23758
152368
119222
115009
84428
5091
75863
170203
180
187069
178463
110125
97863
161952
48311
103165
95422
89186
56172
11185
16079
130762
200846
187195
106212
76096
137256
182605
169667
15857
49717
86206
192562
134733
11650
197850
12705
84241
8860
52503
172591
115965
209807
97673
115547
148805
178280
134668
100517
182417
171920
134461
131318
108946
185917
168533
124225
27531
90674
125921
130617
162079
37158
142009
136583
9398
187530
3032
142426
130215
166657
175145
177095
49347
20184
134518
174184
111946
205328
97151
135645
207001
181818
34886
205040
197612
139410
173190
155714
101449
86190
125815
97542
162286
158149
163703
131445
141021
162046
187278
180054
165652
122977
108117
74879
154266
92797
103970
207805
90635
55982
8238
70786
53051
155977
132859
194317
19126
183234
169361
210332
152508
95922
203814
190969
111247
203448
162322
151284
188423
147364
168126
143609
192165
34467
198389
135661
62066
101389
100160
184223
207189
11560
70184
140999
147693
123944
176150
82198
104580
55230
139238
17553
118019
192202
120196
180254
151761
89870
59749
142658
113953
144862
126956
24558
1346
192857
102522
194130
59407
141474
19214
76635
191248
108254
127975
18653
203765
185309
165110
21135
11638
19299
6377
206270
181937
7356
195582
207015
159861
160129
93281
208522
127656
200309
97362
1339
189032
203609
14831
175720
87334
187296
79104
20188
160330
95628
104403
57052
75568
75666
8266
197374
121194
10392
79805
205332
132057
126532
135297
201366
11697
84392
206416
126074
78784
21052
141140
204391
148792
94015
32951
136692
144722
108400
74073
151463
149067
97322
190881
158610
180414
189396
112249
93359
15935
132778
144859
138932
19025
100396
141682
209029
143866
58696
142108
200883
12923
115573
185061
57642
25451
188804
14282
209881
76324
162014
74019
197687
163956
156935
112268
185621
143983
187021
191008
171026
25164
141516
93165
123085
63996
148588
116180
26940
8108
125759
126757
199061
183467
184358
204468
53905
55346
79283
89348
162379
200456
118489
146035
207896
177575
163132
73091
122536
174187
106143
207558
21930
162591
160462
6241
66950
48641
60238
175214
15022
174981
3287
208261
127671
9099
6600
161921
178187
70211
23732
175368
143192
92269
170347
117809
138929
134272
49443
8954
203029
89673
118960
13845
184314
151540
164722
143691
12491
162062
74430
188644
179111
63141
202969
176305
86534
127885
42863
142237
50556
149560
188170
154088
204572
95495
125931
206369
115958
61767
192121
145766
166348
192682
196372
112913
235
141857
178886
170472
109705
50499
113858
86466
29788
196911
179489
142478
95642
86625
24147
157466
150116
82067
202072
112861
173740
203887
182274
9353
166681
13347
167878
160866
203216
34511
58417
24368
210217
152788
162981
79799
135809
141455
206536
101434
148762
26932
203851
133100
26980
201331
198568
116075
66178
15880
67165
74876
51719
82177
99823
207368
92143
155330
147338
208694
1626
127117
128410
119029
74143
146714
177585
162739
155123
24908
198366
112123
80834
96508
159681
44379
88047
159755
199085
78525
19210
148715
114130
166065
171610
113101
115358
191208
64677
14133
160350
101749
98528
120650
156294
73411
202710
62231
20802
203423
73837
48840
202877
4083
56148
198201
132327
82907
55334
112136
63445
149520
10876
154580
52300
134970
58141
192099
180398
134990
17563
22821
173315
160260
129015
141115
23530
3058
144973
148995
101875
67453
86828
83872
3692
118582
111579
142546
207686
32318
21329
49937
194330
177408
26839
66824
164472
101641
111694
151134
109506
67179
70074
180885
126865
208072
205423
146373
100235
208868
175107
91585
28761
63930
11230
9191
60688
938
138224
154181
24951
168405
12974
189055
138223
151238
161983
120806
26104
42334
72102
181950
141893
188465
97137
164436
90218
166997
145367
107888
56734
183752
202577
179425
89738
105695
177913
106551
162165
207048
144189
75273
98129
1463
48574
180178
143749
70535
174228
75751
183320
38697
128481
155970
152191
103778
146838
9762
10938
189190
201434
174349
167181
141738
142469
23934
114891
142454
130675
946
83866
173739
94084
192482
35631
51725
203100
196631
133086
185479
61163
48672
169319
65800
117975
144140
152341
59067
123286
90554
75154
151404
114204
180074
140303
180511
151933
196632
78701
27160
185054
83048
17678
160680
91838
84564
146896
100990
210935
171483
192207
165106
150334
205463
116237
128830
8471
208096
128224
203204
198450
177397
183243
48240
109377
122488
183614
182308
163642
174805
50224
21740
198209
185655
104639
206531
201126
64878
164002
103738
134877
19932
162579
16629
163141
201540
147706
154018
37446
29329
12769
171675
14898
138684
59905
126467
184029
29012
188175
178406
146579
176170
108749
114679
192782
190244
85416
198541
150259
126788
55826
197544
132901
157925
106394
194899
137021
13220
86397
138920
77979
71951
127517
128692
107270
152659
158257
168886
197186
206267
108580
178412
185884
116703
70269
23645
141180
190678
156392
27119
169526
57873
140684
108594
136226
158683
134689
88308
11136
128535
95416
21413
172579
66270
119403
101396
144500
116634
132066
129551
127677
97844
185984
90279
4316
85019
104497
123850
158029
141941
93995
5226
75665
11839
169476
168402
7028
7478
184306
109136
188483
67765
19206
130255
12921
154671
202576
140140
13235
17674
140420
202508
198769
92287
56055
194235
24973
45287
167067
165607
166565
102983
159161
147938
6579
5077
10484
181933
46104
162376
209294
107627
8040
161926
93790
165004
192091
168372
53099
16549
207931
129196
154430
146821
18054
58478
55140
188915
99260
177018
105855
19773
141353
88281
136528
195780
111750
86607
163079
120482
160343
33235
175213
150178
125046
7920
19667
70669
174237
150353
115355
154272
188671
179690
177225
84212
136687
133904
90859
153857
135964
93791
68707
100390
170728
98473
189410
199045
182072
137572
203245
155855
84114
31077
5486
116015
182480
126155
52036
19139
143747
168116
16326
202446
13361
194141
126297
186736
147898
186111
161351
62592
105465
131136
10266
110351
207483
145827
95827
170474
37952
6913
5880
136640
151509
178400
128511
18334
154939
152356
153243
79446
111615
145947
84568
12072
7129
155145
185609
66987
128117
157733
168104
155948
112248
25389
134408
207060
181008
167664
50111
17297
104066
158629
123749
135399
193945
119733
4887
158496
122863
80802
133636
109356
2741
93571
149153
101357
204213
49357
148023
127569
92643
164224
163165
43215
118620
182424
159364
61555
18266
164486
102445
178275
24055
160773
139953
188009
126766
92154
20055
57942
124012
126079
60451
84263
162231
123287
158297
94588
15844
203917
64612
76170
1004
145154
109191
64527
149065
167694
16985
3374
164763
55077
145174
116150
180774
82695
50330
87033
18358
60762
95684
21349
27563
7981
160877
203068
92639
130218
26532
74023
123474
199910
146220
74058
199041
105075
59965
70732
170065
119059
179428
75252
14093
165850
14865
163842
207913
40095
134206
5586
111298
26982
168575
145020
129060
151244
134874
170452
46906
3095
121606
65856
145085
134333
172880
75971
144374
45777
144375
182847
199283
174480
147393
150297
200694
204731
20085
62142
8506
80499
189494
134356
146593
76824
134165
143817
201015
122228
191007
202373
54972
188053
3965
126969
105346
74022
128005
197100
150379
187841
17388
11325
56728
147203
9127
99358
113740
47167
161954
76351
153554
101470
198640
91665
188829
109071
73618
61496
168420
74435
209034
83580
193944
6007
103213
128247
126674
2977
30849
11769
139387
80567
80534
208297
148658
121834
130048
191528
137373
174373
19686
95115
77529
25924
158186
154324
133244
182925
96207
188142
139056
163841
70640
130405
97986
176826
43144
180488
129095
44431
86517
197686
13084
134647
142644
49972
160012
152795
144498
167497
150290
202783
65960
170401
78606
172513
132457
141483
12204
129141
91681
139482
147722
200090
102756
149101
180740
134378
143056
12385
93375
24094
120534
164570
189084
149222
46171
175335
141721
10562
168969
175644
140016
178277
59743
6581
11313
200710
93142
184487
161956
4933
205701
200703
155745
73592
136604
15663
52878
192186
115336
160856
92179
202979
114332
127979
198970
5526
60982
12915
187801
14536
160779
169874
83133
127354
160955
18160
163713
147030
104126
45286
50849
140907
123494
21299
187786
202964
61010
49900
112389
166408
203099
186114
103318
7027
132400
186611
100261
115898
9417
116977
181440
169616
198545
70151
124760
176202
89851
144604
97257
192977
70010
105455
194090
144166
65994
196064
160395
76959
184578
67046
164903
57173
146552
16070
128678
102351
191541
108841
201545
76957
181152
60884
142071
23160
115125
133142
190636
204361
73120
179783
174684
150108
16793
162967
123937
108342
156422
182233
142272
35529
76192
96597
169873
167488
162516
125512
205266
207839
132100
138098
31315
68311
167368
35222
204017
163263
179035
129144
136923
103715
206016
121302
55491
202281
25820
137
60808
2721
20835
134847
92852
203849
7011
170170
107246
148259
8105
24975
95689
83493
104468
51856
74021
181703
108009
90959
157265
149193
160555
128181
129185
10135
20940
78407
146546
14836
48863
127972
141610
132310
138807
60572
81764
207234
100213
60085
151645
148450
68593
122851
171354
115927
175777
204969
155459
150012
167802
113488
141716
209223
196776
183344
197685
171362
124154
102136
98631
69648
206022
76897
63378
89180
145348
169605
56564
84609
97974
174030
7160
26230
95340
123953
95604
5335
25013
88645
203562
16704
162533
63566
168457
94104
203247
5800
140400
22084
83714
43183
94381
115537
149462
201045
15876
161945
97119
11667
137711
186336
179253
76272
130020
11820
53734
80949
4713
156160
3388
114210
162434
69389
195335
81045
170273
58740
63593
189492
95325
30668
171463
120291
207147
75719
192360
148548
167005
174049
3294
59477
199562
158271
57920
77181
160233
199371
156589
158967
106307
63592
181551
169115
182890
9548
134300
185044
204247
201903
189398
183368
69368
207737
29221
72778
1162
134943
23766
169131
177302
26384
131977
161410
201901
187102
149500
45246
151525
102831
107623
150315
7785
190999
178076
128627
150725
173323
192460
182543
187457
52759
144682
180880
133241
181820
156968
103660
150064
2778
135247
13135
174362
207487
180142
128385
145025
176762
102030
117195
154719
6744
187039
26763
176811
150724
49971
6825
96016
149000
91679
89436
182357
171646
71554
166680
198851
95049
197004
120294
155420
87617
191489
172963
11881
155458
68681
150011
46856
142486
11111
151228
146870
86510
33405
95202
131656
117093
106460
15198
88086
187027
123478
98465
90486
24829
70761
141008
101394
206188
195530
82348
206931
176075
108853
180315
88911
127468
7392
104875
2950
162197
154872
180032
84606
52492
157538
7904
148271
151334
41075
66111
172284
5948
49612
62290
199281
154132
142339
12891
74866
102440
17251
8241
141797
32207
90036
154579
194851
104849
162087
6112
97295
183280
21756
89214
150324
201292
84979
100159
202958
130241
27691
138910
1210
62906
202292
179175
82756
16984
100518
143618
77184
138052
130648
142794
179001
71449
22933
75289
94902
204254
158131
94386
146660
150618
61842
94349
183264
142638
173119
122994
190362
208358
158229
186978
98589
43408
135402
88633
60831
187033
176126
128167
67050
97668
169889
163333
97634
89878
5291
187445
160069
151233
151836
104576
96682
101414
113484
134592
140136
60566
114382
195611
83262
113178
188931
25246
198441
120282
127576
94950
158540
197102
41899
84774
156489
198939
108487
92646
12892
165737
112397
163707
15623
144905
71768
31980
49845
57798
156530
109226
3972
49964
176498
173675
161208
109436
55074
184657
79961
188882
129401
83697
159617
72319
114047
4847
39003
110695
148778
123637
156499
43652
6923
54099
34096
125153
9737
207086
144467
189395
20689
16970
138864
136256
96469
204941
182967
102948
200930
172082
3791
156556
90179
59904
93799
108975
157658
86171
4065
150175
19099
36237
40042
132555
179051
9706
56243
150129
95190
189253
147888
136060
101558
12429
70765
12037
123861
164505
153790
93077
149516
82204
135259
159354
116884
8151
3931
87900
172892
204547
11521
201324
49514
142439
146330
150104
180163
64723
168927
21053
33347
129755
89721
105697
111873
154002
172796
94991
7408
171872
157709
73805
210460
22883
3323
166666
74193
47469
52445
89905
174534
168042
183470
160101
169128
188535
190324
7986
140545
92306
201739
86115
128494
73260
78308
170744
18798
48801
24713
85034
100264
162125
166633
175967
133858
122906
97769
15742
182846
197936
49700
182577
171274
181642
97922
169504
70531
122907
5108
191154
106509
162962
134692
46662
152424
74478
43730
82154
26206
181182
14907
161428
207283
92558
166094
111956
179644
152125
92826
209085
99829
54766
95597
137547
94488
162831
204496
160314
191244
210802
1941
23697
45397
13359
28439
171964
132613
128805
208331
185517
66373
50278
181052
166960
73451
173395
160726
191546
13453
102823
171936
163052
53582
78732
203147
187602
147116
149974
55736
99033
143024
134940
14521
280
200731
172711
187724
11838
5887
189638
81862
147401
161438
192856
166261
161342
197390
196240
131306
109147
130070
14830
117490
180615
74106
123523
174330
140927
25589
40907
36460
195117
204940
26739
144702
134725
32977
9717
3706
179115
66237
141728
128766
44685
79272
179564
119043
58944
206968
129409
105130
8487
190657
109164
45607
86324
140327
197633
44553
92499
53662
173321
132513
154741
184752
187047
168191
123058
4682
197036
3055
174161
188086
80638
149420
197165
143847
143734
182221
142625
46837
144785
106217
183532
34261
175477
202157
60682
131328
18782
17525
93335
63831
24395
135003
133075
171397
181422
197637
123453
108450
5837
156845
184750
161663
14535
206535
188208
75742
138229
140334
68931
154867
186841
100431
200161
189496
119930
29028
85490
179299
126326
156150
196496
65820
19029
74722
106208
108284
116980
164679
185915
71586
17719
184979
138947
124189
71309
3439
157987
167008
140347
163989
14181
99802
128485
183546
94162
18365
104661
178685
32365
82136
127129
127915
92312
164392
11619
34006
59047
190363
168039
18928
104037
65819
19008
76854
139018
16399
46851
186851
1569
142208
123308
141786
61484
89250
4961
81531
147942
18875
157357
99041
123011
174485
108590
116223
121133
139122
21805
21001
97685
165002
171820
107077
7941
18804
114855
70693
3610
102873
145763
74171
176574
75414
186342
99908
44022
152306
136409
26366
55005
127993
71045
205159
109169
104961
67027
173207
170125
147132
157130
209273
198095
94523
33874
119942
3035
206800
187161
188441
189223
201736
57960
161429
140899
39563
90887
6027
196063
67310
149223
176159
95588
5817
171024
53680
103561
207811
108164
34086
149526
81988
167757
175363
208365
169651
7677
65743
103954
210814
94650
17369
18472
153787
83779
92976
174288
2402
157926
172328
143198
55936
106215
167579
63242
209304
113905
182762
93596
129438
171442
198235
98257
94596
2551
150735
210019
93812
115550
27237
107056
102941
92352
142235
11407
37013
159957
204745
163741
105984
201928
189457
61911
202296
72178
155885
10512
170589
202126
140991
71246
30731
177617
38642
50308
97686
37746
157829
98431
21087
199367
80166
45691
4340
98190
163465
144042
19953
159741
170601
207002
102736
94992
80657
88580
149842
195985
77055
86211
93686
132335
151703
191174
129283
21093
104800
178282
75991
141033
45595
173349
167752
178839
78641
19137
195157
102826
123573
99129
97984
139824
203850
157360
17265
137678
104650
86808
166487
18723
42939
95361
65742
21839
209812
160431
75353
27705
76257
145523
104668
174261
86516
154590
24168
124
205983
132365
200457
106002
125964
202122
3356
123716
12003
166826
105087
95892
24500
139600
94592
16180
80209
134930
143495
110876
199166
156518
49609
77563
205158
6826
4431
105511
159400
148710
26937
106083
52658
31675
78704
11977
19113
127977
183831
147428
178750
145284
47302
183812
142537
167766
169220
171076
124876
154280
195648
9410
75302
10366
206713
73179
98077
115793
26387
55605
195480
131495
18922
157565
126528
187254
195222
862
210313
178122
97710
71115
74544
189690
94468
151809
151749
129007
94222
126582
189731
13365
30717
139240
207049
186498
135138
73764
201326
90883
141555
205023
76026
136633
202729
199625
138788
162730
158658
159009
163074
90628
18816
5031
171316
127999
109966
86482
103048
112212
186480
173080
114029
173567
160460
94298
45018
210913
7954
129454
109491
207865
45191
156277
107675
126673
136038
112012
153606
152266
154547
190623
204208
142775
52303
194942
9453
92067
123050
150815
148520
196509
60291
113742
191272
101328
30895
66941
191137
51385
25878
188226
83703
178511
201360
141471
123145
70304
88618
189493
21938
144000
144392
132227
105778
83798
13223
149844
202235
149561
18456
186302
190266
60164
80887
65544
104931
95440
131610
100461
116843
18661
59449
4860
46848
11443
140411
2647
174252
94265
183859
126340
170425
181363
56371
181067
81300
197680
125491
186758
117196
95581
179435
132414
144627
86973
175754
207747
196491
45434
148813
125578
200388
63924
143422
66940
36782
94318
51078
9556
177893
149774
98252
126268
145789
162913
94917
101314
160210
177604
72786
188936
92908
25057
85288
88821
158244
13248
152838
203526
102666
24177
13528
9743
71687
146729
200585
188076
2815
117157
68915
201080
113125
18720
89464
174861
140581
195916
70335
151552
176254
146769
158329
140704
157119
125791
190111
126023
74361
95488
77033
40752
188717
81052
143745
158197
10545
171620
50516
13379
205032
84240
11054
193048
139062
157280
94763
53766
94490
142887
109015
202492
21308
182427
194102
42187
168087
162941
76186
12597
176381
132501
119022
91457
44791
48440
26313
96647
199266
164429
42858
142037
109868
104507
42429
21422
148997
166380
123636
25003
183077
140695
107226
137338
126776
18574
166954
88065
201213
71061
175043
185154
204867
76847
154322
62586
70308
162119
3770
78986
110031
176636
129872
101902
168130
130697
209275
198394
207639
79577
202435
165415
197791
55087
14651
70017
129428
12001
22396
101035
205912
156420
134344
89090
174253
132015
92937
52589
178407
160349
84004
186299
147349
134283
203268
27049
94090
109513
96644
51594
138914
118188
190778
180211
182924
190198
198179
191094
165812
91682
109787
111962
102896
90659
186803
181066
93870
135531
150118
203209
181807
48670
77813
131350
203973
7270
114537
29489
48668
152357
104125
111213
111980
23317
72147
96476
49441
197919
185267
47413
194727
119442
142817
200941
9192
202638
138332
1558
73901
185118
184328
67424
124462
109267
190781
3514
85947
118245
190154
78837
133232
109261
7923
58978
44493
40494
62430
50313
97483
167071
31432
48174
63214
120882
84077
82372
180190
182903
196416
18699
206542
187068
187092
142541
44112
201305
204784
161972
128248
166674
181129
189157
15463
85049
166908
144363
188878
209190
126158
136065
126609
181794
183829
184204
172004
23725
126785
99124
178213
101
206305
93311
54630
124229
56159
97763
116959
10480
13422
95622
55762
129472
207997
13295
9471
205166
153955
136119
28717
113371
161482
144513
140319
202289
20724
185087
207297
16400
827
114940
141241
9855
24256
35173
206753
61011
132078
185314
209131
793
200333
81078
78959
26413
11435
70895
51381
118789
1198
197871
86054
96447
169296
209567
82301
168924
28600
173083
11987
198011
108118
59204
100543
182406
177411
154177
4240
181385
207687
127851
127854
188816
18634
133812
7817
124450
19971
64938
193104
55521
93365
125333
76256
145612
142232
15345
156147
209038
186837
163130
21183
120553
21952
94597
10343
142364
152925
81117
176078
118286
43086
189227
48371
45421
154268
166451
116795
89340
78096
93663
38130
175104
197876
137087
130530
28406
47956
133638
49930
139649
1914
126868
39354
155260
190650
113418
147939
209124
186738
96615
28902
209938
56110
98614
87077
171885
106549
172842
83356
46285
180282
121090
96226
21781
185178
138216
173609
19068
45586
51134
9003
185955
62816
97955
121710
194908
125276
144868
148943
124759
172123
99034
146332
11613
130609
142989
155615
136069
157409
157134
176604
88910
184316
169686
134395
181870
138754
143818
190257
203436
171120
9187
179079
130901
128052
187026
199209
77153
54383
105736
143757
143657
56717
104129
199131
100472
149646
139513
124969
186720
161935
102901
202200
89063
22877
103430
202341
63410
13175
198074
210025
90480
176817
127744
77678
81295
4471
77696
138919
10550
71632
31255
76753
167994
108334
139390
161850
144985
60062
186117
56807
6607
102768
152592
74442
109256
189652
166963
199200
148810
65413
74953
115476
174051
128383
36282
133603
28351
169647
196096
6265
18763
52609
130344
144346
178143
143078
192619
97823
188030
111208
162370
163513
159505
111641
54678
155697
144234
16133
42326
58093
199697
181938
117383
16801
66017
133539
75278
117382
204201
138906
142438
137324
144039
144145
134215
201211
135966
125956
64465
140465
24515
206153
70336
132018
93284
198406
188177
78706
151367
126669
204588
148498
163957
147694
94933
123845
111246
165088
92374
80849
24670
30643
89991
116181
116499
86575
199573
44344
163438
61127
140567
186717
128521
89341
31720
80852
66009
94231
108751
200378
192919
194203
68620
147712
76795
48173
28970
118561
70585
159257
173705
161955
104144
11234
58650
28407
148059
58533
126072
57624
136642
130279
199206
53357
73214
195640
160577
172177
101291
198632
116875
179931
168113
197900
191271
2909
100465
188928
58660
167866
77653
186351
79705
196829
5461
63920
196847
209418
23666
8451
188016
66598
141656
4838
87677
98321
20730
95850
147048
208644
153914
138543
103969
169168
135781
141361
131627
154710
108227
210142
89460
147110
107398
144287
93191
72152
200862
188895
197798
159913
11557
63633
141906
92935
20928
83559
6223
182532
41784
140125
76853
174751
143774
103713
55825
120451
187834
155
164771
154276
22838
165356
133464
199798
197182
54747
95275
152193
197432
109487
16947
197789
26640
180224
63931
205879
189216
111078
109582
139383
44832
142529
24101
42881
95073
6231
190188
115396
199241
205643
106491
92133
72714
126711
187579
166937
10314
97770
176717
141143
186092
84012
93019
133746
145486
15359
5906
187587
80398
155204
166643
10396
171866
104493
143819
141325
95842
132494
126800
150572
128867
195836
168383
161922
80334
134564
132827
204245
182068
131686
79323
146553
76875
196513
59495
195501
46621
205287
172678
179090
94398
157923
44118
158155
34578
118246
82758
33259
171018
96769
105904
104503
134559
172176
61231
123054
179459
35791
109202
33625
183697
144522
114670
95014
208308
199982
129868
105395
1611
205780
189840
48993
103444
112244
187107
879
13397
39670
180013
165071
775
126875
163729
25652
66552
204948
192420
187732
205017
165946
141914
146987
197872
67492
89100
869
144221
204185
179056
158962
135296
55511
166810
109233
13460
32165
57840
187891
151296
145707
208843
134297
209035
195653
16403
63034
162384
126352
104085
105413
198206
95890
189058
105603
177307
386
138724
139095
28446
73966
4092
93318
185033
90407
104652
89218
101115
86732
163927
119918
170338
24071
93101
50413
28907
7688
49503
169645
72492
145108
26445
2235
35228
168888
69152
107823
53692
90090
108556
54029
181277
29054
171771
13070
115450
160930
84203
135945
118303
3276
167554
137110
154796
46668
90614
157529
132221
111249
165128
59563
60281
208239
196062
95617
151312
184066
125649
126777
38681
99806
179436
179654
89955
180681
172479
18562
210706
39748
64517
108198
162550
2916
106258
122013
18908
3234
136229
186120
48039
113455
84204
48297
139249
99416
126893
172802
108707
168995
94139
92860
99560
5503
108638
159951
126768
76184
66342
18890
185581
158527
153347
181006
206145
74500
11328
90003
146345
175552
4534
86610
77058
189097
205871
12476
170540
195365
210611
190866
188965
68932
169114
93399
157032
28899
166898
205548
137193
53611
117099
156373
24401
195810
10279
144436
163145
201549
56808
37791
151368
95903
163615
208307
89940
189304
102400
174563
146895
132405
157483
183755
195263
177110
1364
151256
18120
145082
64884
99631
93260
155854
62469
207972
126037
95847
124483
187943
137270
31964
162421
121340
76259
185829
192563
97676
195166
52082
152703
60070
104873
155028
13376
93305
181881
201121
9837
142598
136917
163144
132900
169235
179431
198494
100165
168474
90453
206596
109655
113879
190011
138637
55407
123856
57641
197683
148428
93781
189447
104845
13415
189163
182491
127680
134983
107981
57476
189091
159649
189336
153527
53725
101806
79711
54071
145341
89336
89273
361
164294
88200
130556
89210
163150
142102
182727
50656
198918
119045
207198
185538
65437
66988
53755
126807
152463
2276
175479
55978
59467
23783
125858
195782
11571
17275
164648
97520
169936
104398
27075
115912
5337
112688
191135
107611
134099
107967
90346
154267
202155
201310
170899
142274
94667
179126
44986
134216
105204
26833
17461
75734
99263
104715
26169
157072
53918
184334
123301
55530
182103
205976
26013
127785
59137
19217
117101
119057
85628
79852
26945
82045
149995
117003
207437
50477
76712
117946
155518
88575
11289
99824
66898
26026
156360
136442
124640
179149
135051
137795
164904
201412
179483
69802
188900
125765
45577
132341
43364
126025
185660
94140
140297
163085
181259
89432
45131
79839
125648
181233
78635
29394
108974
209979
67412
148387
120076
124880
170155
75169
163967
6519
112493
160480
86008
108523
172469
207116
204586
69117
28395
11292
181625
150169
179324
107016
149828
132342
8190
279
194027
97280
104344
94627
97361
192200
189765
156059
198837
22481
199791
45771
7645
12424
125925
107257
8916
68826
88416
57441
163670
170047
184751
71770
163893
150305
409
90390
153355
183041
40790
11790
198362
126917
125345
107572
7586
30997
73921
196820
167964
88818
132584
188077
185504
184288
111124
160397
98087
119338
127910
5614
115758
38686
149910
164934
62707
65200
140031
150103
94250
74291
49260
119527
163148
145183
143856
86814
200848
114594
151533
67219
191563
141106
115909
142582
90626
187513
46976
61406
79287
70330
76189
144054
169349
142152
194976
187104
94690
44280
21146
80720
16968
133201
9403
107745
1427
134065
145322
180375
161501
87576
47184
176617
76750
178123
12750
7804
108928
114941
78326
153959
150287
58449
80715
18697
184995
11469
114850
196405
46312
169429
206025
68857
146796
82305
164619
165717
74340
127751
98732
145779
209429
199669
198720
202104
192189
141905
164691
43257
162567
128773
141892
170247
58095
161139
133391
203283
79311
148532
155206
210988
53010
104464
179328
162408
70750
152031
70913
101897
180223
138935
42116
204777
177550
20573
140686
85129
90356
2422
183595
79959
152765
104261
24483
2847
21313
29021
175015
130032
170906
107793
183279
196980
177396
204229
79280
201160
157397
7702
19227
127716
40096
190106
62065
57012
62168
12477
120751
158811
24927
15863
90578
22234
205174
184356
112391
126694
4450
112252
172813
16027
179438
19136
76253
13700
12518
134791
76874
50473
167685
210091
34020
134779
148580
138931
209192
206703
175281
50249
126271
80449
204029
185687
185147
27145
61914
55731
204911
175807
38998
111383
95343
118869
79584
23355
162325
163607
105505
201189
153004
151293
78538
206472
148788
152968
170876
190041
91391
190337
70637
115034
146887
48451
207715
5255
55420
103452
176470
197116
43546
174380
151494
11609
77645
925
91717
133166
140735
11281
200465
12018
120015
62248
44830
132021
173001
116612
210051
198638
5010
113487
162907
106735
127620
22218
129885
134292
94324
13173
27580
19193
18673
69781
128054
181247
155382
118110
167975
104428
164686
11720
63097
190484
126802
26335
141262
192985
206376
89456
180932
147367
86402
65859
76684
73097
165988
1696
203372
173970
95530
192719
112981
170880
75818
67454
74958
120197
160254
195040
208712
176844
139245
174181
203889
44073
141771
5555
61640
209579
14991
201983
75642
132562
78885
158173
152370
97537
195659
147106
24442
90567
187845
143196
206717
137745
134633
57302
54995
120878
109657
145086
176386
175106
140610
108618
151628
127506
166926
196775
95962
190101
150062
191341
153968
197089
53588
106652
95651
201871
76604
175869
21373
94174
134310
123733
141718
183795
93981
123132
178505
3072
151818
53497
90354
55632
200389
141909
116355
162943
26129
68562
55893
173116
197178
4356
11556
120200
183804
174050
65281
97359
189112
127899
130330
93216
1113
84893
131546
175626
181954
151691
183245
84576
108424
77306
96866
94584
97364
164643
199936
68486
165372
124119
131641
207672
7527
62798
199361
193139
140547
168085
141190
137858
180703
94086
3550
108337
173010
13085
195886
181909
97897
174932
75891
115723
198748
167751
16913
96082
189653
62978
176171
180073
166490
81784
43821
94007
69494
173461
87995
116979
128975
132784
15730
61192
160300
130864
76702
137617
82959
175085
142656
209984
91678
61360
105723
198757
65838
24341
64053
177831
18310
180617
35337
124047
184110
129403
52301
61280
73332
177113
159816
113865
13340
123516
44321
136667
173608
183567
46446
85925
171848
164276
154302
64815
170218
188363
158
102700
186212
145732
51876
86800
195425
138606
76639
144110
171636
187454
174093
144740
119986
111636
148005
173085
54860
186055
17118
195610
119650
143904
94544
178746
70810
150160
18732
112131
205233
118520
201743
88528
164747
205673
119885
24431
10507
202391
20937
172124
11411
142305
205143
125850
111207
174986
128180
84573
141717
59418
18961
79889
84339
135150
173086
17110
142137
84466
167182
82276
190264
167613
196887
115534
166776
43381
149641
116627
26852
118509
106139
93639
51689
89343
153823
8122
178313
125937
7843
132850
1327
126260
132431
78673
5632
145275
177993
98506
127435
48048
125108
165131
197841
157686
184310
62254
206975
159069
157199
185184
141631
93204
69989
192297
94945
105937
167742
100061
158773
5170
103244
129971
150453
85221
144440
73927
123495
184312
75638
198657
76880
71206
151224
50665
24856
195096
179071
127596
148536
202301
202075
206705
170184
191447
120849
5268
196740
72587
158709
127394
81637
22219
180705
156163
49774
59160
101387
144439
114377
141811
13027
166417
150616
141904
83867
130418
184238
199466
157468
205544
188443
62987
3524
162966
70612
135659
112598
169919
204094
198073
162233
146384
189777
165621
11286
27609
145398
111574
10540
180377
27321
170481
104064
179314
118420
91198
166906
138100
162837
127082
12171
200154
144294
110469
97709
200747
90473
178592
161879
183268
204433
18332
38763
176411
29297
188213
101329
180098
198728
74172
150823
163464
59062
172966
18362
88400
18690
116448
24532
58146
152069
112855
81728
75155
175128
133693
158057
115555
52775
66335
179995
109214
113506
63411
89660
122407
77014
44831
67202
130651
127080
203706
67428
170285
70783
154153
141715
97942
47703
118329
25064
152335
112135
178018
160640
66299
177912
123306
143816
193494
45762
200443
172514
23945
181594
92577
13885
128983
2580
194189
144473
161424
13349
78262
160316
147105
182849
11135
1410
207932
94894
60097
119720
98520
94826
11480
148763
185635
102817
120198
128693
133388
3333
74726
200483
183414
84343
177129
142894
208833
125878
194243
189052
157620
152066
157991
5706
157381
13372
11758
106428
204933
24455
144541
167628
59562
168875
176401
89364
126053
190977
155336
31773
91489
61747
89095
89079
15522
202058
173731
119404
154668
101787
205250
188609
106499
160446
190311
93988
133490
160006
179455
10220
181545
185701
28571
163137
197087
160348
198998
72595
132169
145081
186639
23636
126373
188666
179030
27322
99223
7544
145776
103474
146777
95242
199059
131261
189759
51379
204852
11919
23774
197411
69517
119956
95059
109867
150979
142758
132523
188357
3260
200635
118577
150914
126829
143551
69606
168177
195371
105370
201737
119076
51067
192779
161964
174256
10426
162610
187455
90652
160499
200910
163078
93706
6048
182972
175611
72653
204947
73494
146319
115015
174086
94612
5566
81827
160208
155012
161904
25655
150066
179123
95688
52936
845
186109
173247
80996
197500
123510
199395
100439
167534
142055
736
53296
197636
48594
69370
49785
93106
15644
10301
110121
79608
133491
2822
182242
64272
42470
167223
24861
188172
101968
121533
107069
204789
13198
174769
191242
80528
52321
128677
142786
12884
94373
110888
206347
85032
151237
106293
108436
53742
130314
135132
179688
42484
61449
138912
150780
156485
129938
101889
80333
114993
91715
8424
159663
90800
165000
90392
38803
76675
16745
126834
182211
144818
149302
164582
200663
128189
193972
186637
8088
11179
588
88415
106720
141919
208301
111223
87007
123913
21701
151531
103680
143513
140766
105534
97147
5281
124237
136121
68738
201499
132251
89730
202692
177551
93983
180942
152012
144683
177415
60779
99333
181842
107231
188080
196409
22969
66250
129787
93638
103967
80613
162792
117104
120149
119694
204599
209036
127387
188886
106276
174955
17569
107066
199422
112004
172942
153621
153590
133920
184775
171101
105062
1650
124057
149262
118239
95695
194000
2904
210075
148954
107070
84025
151757
50202
14532
18923
133517
187772
122004
179330
32842
110386
191427
163771
123608
186132
164666
135186
142588
169149
145315
151579
114436
163229
22502
96961
201161
103458
80694
45358
81718
204802
130267
151669
205450
61229
151719
79621
194859
105654
5953
13184
91853
181419
126286
26311
189111
128373
610
202723
171550
164695
185363
82295
156573
20836
192627
128028
182087
152273
90726
107486
203906
94025
76831
202819
94163
136218
165190
33462
117169
204984
144524
145839
159048
105675
122831
46672
176392
72463
105307
136885
116000
182498
90638
126755
167419
88159
204632
32901
164617
120781
53066
36321
185947
62943
80552
144420
158331
127835
129806
3551
170079
27098
137833
17057
131647
25196
84496
92712
78817
52794
66889
126328
137838
194879
55270
161920
94291
158800
97991
86511
102751
141412
75920
78190
107212
52052
200933
169397
119058
175506
201742
198768
77177
19088
196148
93105
163539
89283
163588
100376
21703
123374
146932
105881
77870
161940
15029
59421
137039
187644
123574
103953
185951
117277
93506
167495
94037
115016
131044
59208
43268
182290
131503
156848
170237
170064
147686
161031
135123
77008
2717
31439
136666
168207
76829
101920
109158
4703
31218
175672
188021
74293
32226
174210
210974
53074
77199
100450
86258
122401
196904
92303
5368
13394
140645
27035
194918
195198
133518
85964
106354
200691
199214
209295
134980
18957
145349
11468
94199
135319
3317
115926
134679
180252
207340
154508
98981
7165
128351
24552
21416
186859
172016
124155
181987
186329
168513
75707
41089
156576
177044
90342
174143
76063
103319
68614
133524
175269
63528
80262
150127
45784
89997
109224
24926
195813
198001
33527
92253
60441
155505
140701
103198
148004
187965
193982
145016
3308
115711
7167
30303
179254
184981
189120
107027
547
12798
154001
137280
32813
124600
206242
180161
117346
46631
163134
17440
112046
11199
111726
6287
154523
67388
51642
192193
102589
163466
89896
200978
202439
45346
113375
151711
70926
166189
118784
58837
169083
51295
17868
104094
122545
178885
56009
154733
75176
59625
83923
130039
5416
202818
75641
17084
173708
83713
186911
5382
149576
154937
33769
74511
44025
187877
30099
111869
128667
203069
208586
75560
192171
198520
106185
189947
61612
167753
202308
39018
123241
36874
170248
39648
176314
172558
205420
173848
13902
204922
185092
170158
125510
3926
124375
137749
104957
85496
174475
166343
140875
180182
71034
154270
13386
58443
186231
164374
80457
6772
109746
184478
26847
136057
139166
140145
182541
182473
207315
107985
34999
164467
150947
494
93978
182962
187449
81675
190514
187222
1667
73493
151609
27323
25706
122780
34660
202607
53248
68619
125307
179281
94347
164088
131966
82346
34288
155026
39114
12372
24343
148573
188254
200349
188942
114376
4927
184198
83792
185475
75208
119406
55541
176134
11771
75104
177955
199051
9332
76891
189454
45237
36285
207268
147653
11830
3559
134338
43950
80051
111113
5346
55677
4687
195882
162402
170862
190901
177279
146532
6178
201151
183089
206330
48715
59126
64480
12404
107068
122492
163554
169901
18880
120077
144327
24400
11200
168077
66144
109182
168672
23153
202426
169563
189668
188879
158042
143815
142509
12780
205702
193020
23514
36545
203944
158995
58150
137535
28993
130822
29132
95237
185261
150731
155451
188973
70577
158364
172922
62818
75759
120156
48506
184950
125980
171519
131204
75675
105721
77528
175528
30277
188770
134183
208702
94844
185897
146839
5308
125473
170375
207091
193979
125564
20053
11425
137513
163434
161449
94816
71082
47211
156884
6830
64234
150072
163129
157583
3797
117128
69039
18536
84569
151635
207954
160098
112517
14763
70635
85894
102824
168287
63863
130552
189654
163043
83617
156747
120175
182310
65439
128762
122770
209547
4328
54098
134167
209894
36781
162112
145991
207712
107892
55344
132099
176390
177692
169697
168590
113738
162515
141743
198155
132931
34790
75862
141447
83530
8109
68669
125524
37488
128295
113491
170839
160115
176019
207720
184908
86594
7830
180059
38131
8163
81760
144643
138839
3436
183792
98017
195475
149643
98247
5725
126434
95681
131164
92150
171163
22135
124492
202565
65610
126285
57768
185046
133770
205162
205322
160391
57827
112591
106200
70118
18254
143073
1459
198642
17405
195893
186942
92382
100015
16467
161777
136593
209194
92684
99062
11174
80562
189629
188171
200940
170758
140680
136582
24866
26113
133414
203101
9264
134777
20144
14652
85858
14747
152789
2301
87097
8871
53009
179346
202875
181845
199464
53495
167146
188236
204828
128878
205078
165727
90353
118243
54722
99456
72612
141605
181249
195396
132581
13553
20368
202584
207934
140201
72453
167429
150357
24379
162830
104577
160777
71085
98288
123538
154292
163962
53039
78656
49508
145203
90503
179663
192893
194103
3654
201820
93515
127870
110569
126469
131141
67645
50277
17202
197682
95081
176287
55469
6818
4306
142560
86449
155096
201708
75472
6267
63616
31445
161293
81003
90119
131506
101677
115657
34382
123594
201861
26643
167590
131042
80504
150624
15028
107644
49481
189656
86623
118652
91187
200137
76273
163534
104730
44782
170146
198258
54865
166668
201516
99002
160385
163456
97313
41023
131505
158177
179605
205299
82757
183522
82130
153732
124131
202183
184327
157917
184366
168671
112198
134413
3852
210044
56174
171901
159443
12816
197148
3914
900
108600
98534
131357
10327
47611
109921
169835
48383
157889
99899
189839
182421
172926
135492
45813
73807
11233
191110
39917
139165
157452
21427
184326
114100
6598
202468
130292
63377
199768
128173
155980
46660
123059
133288
159409
170191
125509
207344
183834
174733
31814
118492
120123
57963
136025
4276
24091
201920
56751
168673
128165
80006
73776
138880
205685
88569
178865
154174
151388
164391
12000
189513
188474
171650
39738
23968
19200
138955
74560
121217
200385
13763
80739
174364
182200
170173
63132
11533
100684
136595
24390
85518
192928
138977
12619
173325
9938
168644
166071
198864
196397
154155
122904
167279
142318
187861
128000
101867
163211
194157
51498
123931
167602
197111
13098
124674
210461
140934
135184
199204
205157
162706
194271
106191
168767
204312
154848
12289
205721
123424
11307
206481
97845
65778
188908
188682
19090
51648
174872
106286
13041
75805
143868
93685
94130
116747
4976
192625
149055
164441
179391
93456
59823
3048
124603
110889
117662
190156
107738
131144
139369
32364
65959
76849
175619
108397
205500
94620
123812
168277
45765
14684
27070
171275
190595
117679
187105
202557
194914
195513
47781
65095
6833
56100
98350
131764
182757
145836
19174
179089
26805
89281
183629
204354
155567
99931
152651
9002
148968
137626
175409
148149
70008
189451
24965
135023
197085
169042
118555
179932
151624
46825
176494
117328
206051
187192
199412
144491
30226
143532
176357
142115
162517
172203
183630
185861
151742
39955
83786
160278
200381
166949
80855
183879
48156
206155
105239
200390
170160
181742
29762
151223
78993
176040
8711
130704
128425
173570
125260
172511
111955
34236
202033
28003
141568
164162
189380
154167
210396
135576
123984
127625
87156
98109
159803
158386
104649
199643
18636
200717
77513
167867
139123
65725
94371
169367
200973
161793
190712
138532
51123
142699
81973
59085
15620
164581
170947
93585
147073
45169
115094
23453
146290
171511
90658
180026
107211
101817
61018
101033
139281
126762
109272
181841
143722
161231
147389
5557
8305
147937
158609
97970
63688
77372
81113
123052
170700
195416
141907
144301
162283
37703
161456
96054
52059
118210
96013
134736
185021
12473
118773
202283
94093
88294
52964
125926
17915
142916
101466
134156
206719
115809
173173
134821
118272
132082
163151
171647
99079
80321
174476
192398
143772
117435
151777
149556
88090
106263
169759
154295
206046
162074
124863
123977
144961
152379
147936
165117
206320
129208
23825
187533
126888
82947
66012
107694
130037
181907
176285
202721
176917
150073
187652
81660
51565
114781
168190
107390
120717
106242
147342
119106
1424
6448
139219
94653
158449
11542
