508
448
428
280
3
715
360
36
435
302
821
347
706
296
615
666
714
125
204
624
109
75
696
338
576
847
616
491
55
70
492
691
623
375
119
346
84
218
599
621
69
477
334
405
441
10
181
15
797
502
212
521
5
414
499
282
819
708
845
430
534
442
634
678
609
622
608
603
444
131
794
363
597
234
766
700
237
239
594
771
402
703
253
192
515
754
327
100
187
262
581
719
560
165
713
88
224
729
740
648
299
135
2
250
446
695
626
393
190
432
230
231
389
484
810
367
133
811
425
14
24
265
348
722
498
630
527
7
74
549
159
400
340
308
513
651
185
802
486
183
544
455
130
127
770
287
395
300
799
155
118
780
355
809
497
795
467
693
301
737
814
529
172
390
378
781
248
391
164
652
238
572
37
261
201
56
354
844
601
40
584
823
504
451
661
38
522
317
386
23
556
123
275
227
148
208
426
495
210
114
688
805
236
46
345
353
16
833
676
784
387
820
381
503
409
555
129
628
50
124
433
163
525
53
33
756
619
568
73
83
838
167
829
542
551
850
763
849
420
782
750
144
720
765
259
775
132
329
437
744
337
412
410
404
752
87
336
28
764
438
683
824
104
182
672
67
419
184
673
710
774
789
89
422
664
349
81
459
223
65
51
538
812
98
793
245
686
587
351
605
531
561
278
698
273
567
216
128
493
64
240
35
339
607
99
79
709
78
272
283
769
274
573
12
411
512
577
662
319
176
669
485
370
509
372
831
604
841
834
357
450
826
569
589
685
550
32
121
461
211
746
631
645
194
149
501
635
115
291
697
478
571
342
470
692
330
303
657
827
785
741
469
369
225
665
158
445
580
9
516
483
153
591
786
506
241
798
654
19
251
643
596
537
759
271
586
323
803
727
255
179
170
44
246
627
96
145
476
518
675
656
191
97
557
11
545
72
731
424
612
294
825
570
413
723
757
800
618
822
285
270
17
254
742
489
839
232
80
45
734
718
380
197
726
34
640
807
758
541
177
817
739
350
421
193
102
611
111
173
304
735
725
142
724
106
677
653
362
835
690
767
331
721
668
288
77
429
602
26
92
466
699
655
29
384
598
139
116
815
564
546
481
762
147
427
778
107
90
610
617
140
57
394
711
136
585
670
243
523
217
806
753
416
4
439
13
268
418
169
510
632
215
200
343
517
547
295
120
707
407
293
333
680
264
563
305
6
487
105
828
777
326
716
663
117
629
681
637
276
583
463
85
315
258
511
219
284
456
403
674
848
431
801
21
207
235
633
702
376
335
156
58
494
738
434
818
214
47
732
188
222
532
625
667
249
63
279
842
31
658
730
649
143
318
325
543
443
93
639
558
593
101
449
552
565
465
837
267
816
137
808
60
196
311
309
539
773
638
474
588
277
687
292
138
52
401
30
356
736
358
779
39
146
472
68
213
462
452
252
18
322
644
82
256
233
579
578
457
646
406
321
748
791
454
134
260
505
614
417
382
642
397
122
760
226
533
154
42
281
701
41
110
166
22
244
95
365
366
59
514
286
71
108
364
313
180
694
150
562
152
482
520
488
519
641
199
475
490
575
374
843
540
755
636
27
496
761
297
168
436
310
263
1
595
171
269
479
76
526
790
440
553
103
206
743
464
836
392
257
209
290
613
157
447
453
535
671
126
398
205
728
198
86
220
792
647
379
228
266
704
712
548
66
371
776
408
320
846
61
554
377
49
242
717
359
341
161
113
528
186
195
324
314
306
289
221
312
468
840
507
25
660
650
388
151
772
747
745
480
332
788
682
659
247
307
423
783
473
175
54
361
112
566
559
20
606
471
679
383
813
590
94
768
500
751
460
91
203
316
160
399
368
574
804
189
733
8
229
396
162
830
48
620
43
458
415
582
328
141
530
749
832
796
524
689
787
385
600
298
344
592
705
684
62
536
174
178
202
373
352
